4.189654742026425
6.602587892189336
6.444131256700441
6.150602768446279
4.499809670330265
5.231108616854587
6.434546518787453
6.345636360828596
6.853299093186078
5.0238805208462765
4.927253685157205
6.373319789577012
6.863803391452954
6.55250788703459
6.473890696352274
6.651571873589727
6.855408798609928
3.367295829986474
5.857933154483459
6.779921907472252
6.100318952020064
6.511745329644728
6.579251212010101
5.6240175061873385
5.905361848054571
6.410174881966167
6.795705775173514
4.74493212836325
6.285998094508865
6.47543271670409
5.638354669333745
6.601230118728877
6.144185634125646
6.853299093186078
6.118097198041348
5.786897381366708
4.955827057601261
3.4657359027997265
6.598509028614515
4.672828834461906
6.1092475827643655
6.610696044717759
6.695798917058491
6.744059186311348
6.0063531596017325
5.700443573390687
4.9344739331306915
5.846438775057725
6.684611727667927
5.327876168789581
6.343880434126331
6.778784897685177
5.749392985908253
6.837332814685591
3.713572066704308
6.075346031088684
6.57507584059962
6.818924065275521
6.86171134048073
5.056245805348308
6.60934924316738
5.921578419643816
6.398594934535208
6.816735880594968
5.459585514144159
6.559615237493242
1.0986122886681098
5.472270673671475
6.419994928147142
4.143134726391533
6.790097235513905
6.023447592961033
6.723832440821209
5.659482215759621
5.5254529391317835
4.204692619390966
6.53813982376767
6.456769655572163
6.0330862217988015
5.8522024797744745
5.537334267018537
6.922643891475888
6.76849321164863
6.156978985585555
6.620073206530356
5.375278407684165
6.71295620067707
5.736572297479192
2.6390573296152584
5.655991810819852
4.382026634673881
6.542471960506805
4.955827057601261
5.318119993844216
5.556828061699537
4.990432586778736
6.089044875446846
5.187385805840755
4.948759890378168
2.9444389791664403
6.85751406254539
4.51085950651685
6.198478716492308
4.672828834461906
6.778784897685177
6.411818267709897
6.577861357721047
5.429345628954441
6.858565034791365
6.327936783729195
6.236369590203704
4.859812404361672
5.111987788356544
6.677083461247136
6.244166900663736
6.234410725718371
6.056784013228625
5.910796644040527
6.16541785423142
5.147494476813453
6.878326468291325
3.4965075614664802
4.955827057601261
6.8658910748834385
6.52795791762255
5.7899601708972535
6.7464121285733745
6.519147287940395
6.52649485957079
6.535241271013659
6.434546518787453
6.811244378601294
5.783825182329737
5.886104031450156
6.872128101338986
6.761572768804055
6.345636360828596
5.198497031265826
6.790097235513905
6.352629396319567
6.736966958001855
6.597145701886651
5.342334251964811
6.654152520183219
6.230481447578482
6.54965074223381
4.543294782270004
6.71295620067707
6.280395838960195
6.568077911411976
6.858565034791365
5.3981627015177525
5.762051382780177
6.059123195581797
5.529429087511423
6.186208623900494
6.483107351457199
3.6109179126442243
4.2626798770413155
6.7226297948554485
6.638567789166521
6.879355804460439
6.8885724595653635
5.8289456176102075
6.037870919922137
5.7430031878094825
3.58351893845611
6.016157159698354
5.802118375377063
3.6888794541139363
6.54965074223381
6.548219102762372
6.834108738813838
6.20050917404269
6.90975328164481
4.762173934797756
6.317164686747284
6.152732694704104
6.456769655572163
5.645446897643238
6.222576268071369
5.783825182329737
1.6094379124341003
4.219507705176107
6.169610732491456
5.7430031878094825
6.825460036255307
4.912654885736052
6.752270376141742
6.163314804034641
6.878326468291325
5.981414211254481
6.340359303727752
5.605802066295998
3.4657359027997265
6.926577033222725
5.883322388488279
6.824373670043086
6.369900982828227
4.882801922586371
6.516193076042964
6.68586094706836
6.759255270663693
5.003946305945459
6.115892125483034
6.873163834212518
5.438079308923196
6.8308742346461795
6.444131256700441
5.594711379601839
6.363028103540465
5.0106352940962555
6.115892125483034
3.970291913552122
5.855071922202427
6.658011045870748
5.921578419643816
5.817111159963204
4.04305126783455
6.80903930604298
5.5134287461649825
6.354370040797351
5.768320995793772
2.4849066497880004
6.556778356158042
6.371611847231857
6.51471269087253
6.899723107284872
6.490723534502507
6.7580945044277305
6.652863029353347
5.123963979403259
6.542471960506805
6.171700597410915
6.408528791059498
5.087596335232384
5.14166355650266
6.419994928147142
6.035481432524756
4.382026634673881
6.642486801367256
6.812345094177479
5.786897381366708
6.891625897052253
6.439350371100098
6.490723534502507
5.863631175598097
6.693323668269949
6.556778356158042
4.709530201312334
6.666956792429207
2.1972245773362196
6.889591308354466
3.091042453358316
6.432940092739179
5.2574953720277815
5.883322388488279
5.942799375126701
1.791759469228055
4.290459441148391
5.799092654460526
5.910796644040527
6.6895992691789665
6.810142450115136
1.9459101490553132
6.710523109452428
5.808142489980444
6.763884908562435
6.244166900663736
4.812184355372417
6.293419278846481
4.890349128221754
6.834108738813838
6.829793737512425
6.342121418721152
6.660575149839686
5.968707559985366
6.5722825426940075
6.349138991379798
6.466144724237619
6.481577129276431
2.833213344056216
6.7650389767805414
4.553876891600541
6.7357800142423265
6.322565239927284
5.3706380281276624
6.18826412308259
6.923628628138427
6.684611727667927
4.276666119016055
6.366470447731438
6.878326468291325
6.874198495453294
4.955827057601261
5.10594547390058
6.38856140554563
4.7535901911063645
6.115892125483034
6.439350371100098
6.586171654854675
6.6052979209482015
6.104793232414985
6.705639094860003
5.209486152841421
5.455321115357702
1.3862943611198906
6.917705609835305
5.942799375126701
6.775366090936392
3.4011973816621555
5.771441123130016
6.767343125265392
6.927557906278317
4.2626798770413155
5.921578419643816
5.3706380281276624
6.881411303642535
6.776506992372183
5.8377304471659395
5.342334251964811
5.493061443340548
6.767343125265392
6.778784897685177
6.837332814685591
6.376726947898627
4.820281565605037
6.777646593635117
6.705639094860003
6.480044561926653
2.9444389791664403
4.31748811353631
6.154858094016418
6.530877627725885
6.255750041753367
6.504288173536645
6.240275845170769
6.470799503782602
4.890349128221754
6.342121418721152
4.442651256490317
6.580639137284949
4.882801922586371
6.263398262591624
6.854354502255021
6.859614903654202
6.035481432524756
6.778784897685177
6.317164686747284
6.553933404025811
6.536691597591305
4.584967478670572
5.953243334287785
6.016157159698354
6.517671272912275
6.444131256700441
6.3473892096560105
6.874198495453294
4.787491742782046
4.77912349311153
6.363028103540465
6.413458957167357
6.626717749249025
4.442651256490317
5.998936561946683
5.963579343618446
4.990432586778736
4.51085950651685
5.937536205082426
6.495265555937008
5.429345628954441
6.55250788703459
6.45833828334479
6.859614903654202
5.918893854273146
6.466144724237619
4.77912349311153
4.189654742026425
6.723832440821209
6.844815479208263
6.893656354602635
5.0689042022202315
5.723585101952381
6.393590753950631
6.410174881966167
6.617402977974478
4.9344739331306915
6.8001700683022
6.47543271670409
5.159055299214529
4.189654742026425
6.831953565565855
6.612041034833092
6.39024066706535
6.466144724237619
5.820082930352362
4.290459441148391
6.492239835020471
6.480044561926653
5.342334251964811
4.110873864173311
6.091309882077698
6.018593214496234
6.829793737512425
6.923628628138427
5.3981627015177525
6.490723534502507
6.063785208687608
6.429719478039138
6.900730664045173
1.9459101490553132
6.278521424165844
6.62273632394984
6.142037405587356
6.428105272684596
6.811244378601294
5.749392985908253
5.476463551931511
5.8944028342648505
6.437751649736401
6.311734809152915
6.210600077024653
6.508769136971682
5.84354441703136
5.877735781779639
6.634633357861686
4.248495242049359
3.044522437723423
6.822197390620491
6.163314804034641
6.810142450115136
4.3694478524670215
6.7661917146603505
3.5553480614894135
3.258096538021482
6.664409020350408
6.09807428216624
5.8998973535824915
6.318968113746434
6.495265555937008
6.879355804460439
6.376726947898627
6.759255270663693
6.876264611890766
6.706862336602747
6.8679744089702925
6.269096283706261
6.664409020350408
5.4680601411351315
6.812345094177479
6.504288173536645
5.393627546352362
6.822197390620491
6.093569770045136
6.655440350367647
5.564520407322694
6.049733455231958
5.605802066295998
6.406879986069314
5.043425116919247
6.175867270105761
6.927557906278317
6.118097198041348
6.866933284461882
6.63200177739563
6.415096959171596
2.995732273553991
6.683360945766275
5.91350300563827
4.948759890378168
1.3862943611198906
5.438079308923196
4.844187086458591
6.617402977974478
6.529418838262226
5.60947179518496
3.828641396489095
5.153291594497779
6.093569770045136
5.365976015021851
3.367295829986474
5.5134287461649825
6.403574197934815
6.22455842927536
6.883462586413092
3.2188758248682006
6.363028103540465
6.403574197934815
5.945420608606575
6.513230110912307
6.891625897052253
6.771935555839602
6.814542897259958
4.77912349311153
6.073044534100405
6.617402977974478
5.365976015021851
6.911747300251674
6.419994928147142
3.912023005428146
5.82600010738045
6.095824562432225
3.912023005428146
6.0330862217988015
6.602587892189336
6.754604099487962
5.545177444479562
5.181783550292085
6.664409020350408
6.598509028614515
6.628041376179533
6.472346294500901
5.384495062789089
6.566672429803241
6.371611847231857
6.380122536899765
5.645446897643238
6.059123195581797
6.889591308354466
6.922643891475888
4.465908118654584
5.855071922202427
3.8501476017100584
5.780743515792329
6.208590026096629
4.574710978503383
6.647688373563329
6.3835066348840055
6.052089168924417
5.7899601708972535
6.853299093186078
4.6443908991413725
6.431331081933479
4.02535169073515
6.86484777797086
6.206575926724928
6.638567789166521
2.995732273553991
6.594413459749778
6.486160788944089
6.71295620067707
5.82600010738045
6.848005274576363
5.438079308923196
6.75343791859778
6.873163834212518
6.480044561926653
5.7430031878094825
5.655991810819852
6.3473892096560105
6.418364935936212
5.407171771460119
6.4692503167957724
3.4657359027997265
6.898714534329988
6.726233402358747
6.238324625039508
6.803505257608338
5.6240175061873385
6.47543271670409
6.152732694704104
6.927557906278317
4.969813299576001
6.129050210060545
6.666956792429207
6.739336627357174
5.717027701406222
6.240275845170769
6.38856140554563
5.8664680569332965
3.4657359027997265
6.835184586147301
6.813444599510896
6.902742737158593
6.673297967767654
6.8690144506657065
6.052089168924417
4.804021044733257
6.825460036255307
6.369900982828227
4.1588830833596715
5.783825182329737
5.493061443340548
6.717804695023691
6.248042874508429
6.091309882077698
3.8501476017100584
5.68697535633982
5.384495062789089
6.244166900663736
5.176149732573829
6.745236349484363
4.804021044733257
6.327936783729195
5.883322388488279
5.831882477283517
6.828712071641684
6.037870919922137
6.656726524178391
6.2285110035911835
6.318968113746434
6.429719478039138
6.311734809152915
5.75890177387728
6.52795791762255
5.3471075307174685
5.365976015021851
6.459904454377535
6.42648845745769
4.418840607796598
5.093750200806762
4.718498871295094
4.248495242049359
6.45833828334479
6.656726524178391
6.263398262591624
6.576469569048224
6.597145701886651
2.6390573296152584
3.258096538021482
6.931471805599453
4.532599493153256
5.755742213586912
3.091042453358316
6.418364935936212
6.920671504248683
6.912742820493176
5.308267697401205
6.775366090936392
5.916202062607435
6.2766434893416445
6.652863029353347
6.396929655216146
4.990432586778736
6.919683849847411
6.077642243349034
6.856461984594587
6.159095388491933
5.147494476813453
6.706862336602747
5.003946305945459
6.025865973825314
5.10594547390058
5.575949103146316
3.970291913552122
4.276666119016055
6.09807428216624
1.3862943611198906
5.056245805348308
5.796057750765372
3.5553480614894135
6.848005274576363
6.755768921984255
6.923628628138427
6.738152494595957
3.2188758248682006
6.678342114654332
4.3694478524670215
4.30406509320417
5.877735781779639
3.784189633918261
6.86171134048073
6.030685260261263
6.424869023905388
6.481577129276431
5.438079308923196
6.490723534502507
4.30406509320417
6.246106765481563
6.511745329644728
4.770684624465665
6.38856140554563
6.331501849893691
6.298949246855942
3.332204510175204
5.111987788356544
6.790097235513905
6.297109319933935
6.825460036255307
5.860786223465865
4.31748811353631
6.311734809152915
6.921658184151129
6.721425700790643
6.651571873589727
6.284134161070802
6.495265555937008
3.9318256327243257
6.159095388491933
6.915723448631314
6.895682697747868
5.84354441703136
5.857933154483459
4.553876891600541
6.837332814685591
5.19295685089021
3.9889840465642745
6.175867270105761
6.82001636467413
6.4457198193855785
5.981414211254481
6.54534966033442
6.492239835020471
5.568344503761097
3.784189633918261
6.423246963533519
5.849324779946859
6.876264611890766
6.38856140554563
5.472270673671475
5.918893854273146
6.616065185132817
6.51471269087253
6.0112671744041615
6.3578422665081
6.023447592961033
6.587550014824796
6.728628613084702
5.820082930352362
3.367295829986474
5.056245805348308
6.835184586147301
6.836259277277067
6.311734809152915
6.309918278226516
5.777652323222656
6.54965074223381
6.659293919683638
6.577861357721047
6.748759547491679
6.8501261661455
4.852030263919617
6.272877006546167
5.484796933490655
6.54534966033442
6.90975328164481
5.6131281063880705
6.161207321695077
5.971261839790462
5.831882477283517
5.966146739123692
6.774223886357614
6.306275286948016
2.70805020110221
6.558197802812269
5.937536205082426
6.421622267806518
5.648974238161206
6.068425588244111
5.697093486505405
6.617402977974478
5.831882477283517
6.709304340258298
4.653960350157523
4.343805421853684
6.118097198041348
6.754604099487962
6.391917113392602
2.833213344056216
4.812184355372417
5.2574953720277815
6.467698726104354
6.818924065275521
6.778784897685177
6.672032945461067
6.352629396319567
6.664409020350408
4.969813299576001
5.455321115357702
5.8916442118257715
4.110873864173311
5.4638318050256105
6.7357800142423265
4.454347296253507
6.668228248417403
6.206575926724928
6.202535517187923
5.872117789475416
5.5909869805108565
6.173786103901937
6.498282149476434
5.4680601411351315
3.912023005428146
6.0014148779611505
4.30406509320417
6.75343791859778
6.1903154058531475
5.093750200806762
6.894670039433482
4.955827057601261
6.693323668269949
5.8664680569332965
6.56244409369372
4.770684624465665
5.262690188904886
6.375024819828097
6.48768401848461
6.236369590203704
6.8966943316227125
6.786716950605081
1.0986122886681098
6.650279048587422
6.880384082186005
6.665683717782408
6.805722553416985
5.19295685089021
6.863803391452954
6.0330862217988015
6.648984550024776
6.118097198041348
6.1463292576688975
4.976733742420574
5.986452005284438
6.914730892718563
6.582025138892826
6.593044534142437
6.459904454377535
6.682108597449809
5.752572638825633
6.436150368369428
5.707110264748875
6.182084906716632
5.968707559985366
6.6293632534374485
6.876264611890766
4.8283137373023015
5.1298987149230735
5.181783550292085
4.634728988229636
6.104793232414985
6.775366090936392
5.0689042022202315
6.57507584059962
6.863803391452954
3.6635616461296463
5.69035945432406
5.799092654460526
6.92951677076365
6.280395838960195
6.784457062637643
6.754604099487962
4.499809670330265
4.07753744390572
6.752270376141742
6.311734809152915
5.594711379601839
6.359573868672378
6.661854740545311
6.799055862058796
5.746203190540153
5.236441962829949
6.877296071497429
6.3835066348840055
3.912023005428146
4.418840607796598
5.351858133476067
6.761572768804055
5.488937726156687
6.890609120147166
5.288267030694535
5.153291594497779
6.436150368369428
4.700480365792417
5.214935757608986
5.170483995038151
6.499787040655854
6.424869023905388
6.7226297948554485
6.80903930604298
4.189654742026425
6.118097198041348
5.831882477283517
6.699500340161678
6.844815479208263
6.054439346269371
6.709304340258298
6.20050917404269
4.290459441148391
3.1354942159291497
5.713732805509369
6.6895992691789665
5.501258210544727
6.706862336602747
6.541029999189903
6.61338421837956
5.627621113690637
6.100318952020064
6.522092798170152
5.10594547390058
3.4657359027997265
6.738152494595957
6.424869023905388
6.519147287940395
5.564520407322694
5.214935757608986
5.384495062789089
6.9167150203536085
6.3080984415095305
6.655440350367647
6.0844994130751715
6.694562058521095
4.02535169073515
4.465908118654584
6.3473892096560105
6.810142450115136
6.904750769961838
6.490723534502507
6.839476438228843
4.890349128221754
6.620073206530356
6.054439346269371
6.285998094508865
4.9344739331306915
6.248042874508429
6.212606095751519
6.904750769961838
5.081404364984463
5.247024072160486
4.605170185988092
6.913737350659685
6.852242569051878
6.769641976852503
6.220590170099739
6.131226489483141
6.476972362889683
5.0689042022202315
6.42648845745769
6.590301048196686
4.948759890378168
6.529418838262226
5.176149732573829
5.225746673713202
4.04305126783455
5.805134968916488
4.174387269895637
5.153291594497779
6.885509670034818
6.5722825426940075
5.267858159063328
6.520621127558696
6.824373670043086
6.318968113746434
5.7430031878094825
6.606650186198215
6.728628613084702
5.429345628954441
5.3230099791384085
6.602587892189336
5.337538079701318
6.059123195581797
6.478509642208569
6.862757913051401
6.825460036255307
6.490723534502507
4.465908118654584
6.759255270663693
3.044522437723423
2.9444389791664403
5.916202062607435
3.4965075614664802
3.713572066704308
6.709304340258298
6.066108090103747
6.8001700683022
4.948759890378168
6.8308742346461795
5.365976015021851
6.411818267709897
5.062595033026967
5.459585514144159
5.332718793265369
6.639875833826536
4.836281906951478
6.284134161070802
4.442651256490317
6.583409222158765
6.447305862541213
6.598509028614515
5.993961427306569
6.637258031284457
4.700480365792417
6.777646593635117
6.728628613084702
6.519147287940395
6.591673732008658
5.8805329864007
4.04305126783455
6.642486801367256
6.882437470997847
5.5053315359323625
6.794586580876499
5.771441123130016
5.493061443340548
6.674561391814426
6.280395838960195
5.953243334287785
5.958424693029782
6.20050917404269
5.662960480135946
6.6052979209482015
6.368187186350492
6.246106765481563
5.181783550292085
6.598509028614515
6.059123195581797
6.71295620067707
6.137727054086234
6.582025138892826
2.833213344056216
6.887552571664617
5.755742213586912
6.672032945461067
4.0943445622221
6.376726947898627
6.78105762593618
5.236441962829949
4.5217885770490405
5.8377304471659395
6.519147287940395
4.969813299576001
5.666426688112432
6.26530121273771
4.110873864173311
6.905753276311464
