5.10594547390058
5.081404364984463
5.908082938168931
5.53338948872752
6.045005314036012
5.8664680569332965
5.942799375126701
5.459585514144159
4.962844630259907
6.131226489483141
5.817111159963204
6.056784013228625
5.0689042022202315
6.100318952020064
6.20050917404269
3.713572066704308
4.804021044733257
2.0794415416798357
6.056784013228625
6.016157159698354
6.052089168924417
3.091042453358316
6.156978985585555
6.131226489483141
5.598421958998375
5.424950017481403
5.652489180268651
4.02535169073515
4.969813299576001
5.6131281063880705
5.971261839790462
5.056245805348308
4.955827057601261
6.137727054086234
5.236441962829949
6.171700597410915
5.8289456176102075
6.089044875446846
6.20050917404269
6.013715156042802
4.770684624465665
5.961005339623274
3.8918202981106265
5.099866427824199
6.075346031088684
5.932245187448011
4.290459441148391
4.574710978503383
6.100318952020064
5.942799375126701
5.517452896464707
5.666426688112432
5.66988092298052
5.308267697401205
3.828641396489095
5.375278407684165
3.4011973816621555
5.58724865840025
5.560681631015528
5.993961427306569
6.0330862217988015
3.1780538303479458
5.6937321388027
5.659482215759621
4.290459441148391
4.795790545596741
6.042632833682381
4.68213122712422
5.993961427306569
5.3706380281276624
4.962844630259907
4.787491742782046
5.918893854273146
4.02535169073515
6.20455776256869
6.118097198041348
3.8918202981106265
0.6931471805599453
5.902633333401366
5.262690188904886
5.981414211254481
3.4657359027997265
5.579729825986222
6.082218910376446
6.115892125483034
4.890349128221754
4.90527477843843
6.021023349349527
6.042632833682381
6.0063531596017325
6.068425588244111
3.367295829986474
5.942799375126701
5.198497031265826
4.3694478524670215
6.095824562432225
5.351858133476067
4.787491742782046
4.382026634673881
5.8888779583328805
3.784189633918261
4.204692619390966
5.8944028342648505
4.127134385045092
5.752572638825633
5.043425116919247
4.442651256490317
2.9444389791664403
6.0330862217988015
6.171700597410915
5.476463551931511
5.945420608606575
6.073044534100405
6.182084906716632
2.9444389791664403
6.206575926724928
5.605802066295998
5.648974238161206
5.181783550292085
4.709530201312334
5.831882477283517
2.772588722239781
5.236441962829949
5.3612921657094255
5.783825182329737
3.912023005428146
5.902633333401366
5.605802066295998
5.117993812416755
4.9344739331306915
5.476463551931511
5.855071922202427
6.028278520230698
5.993961427306569
3.828641396489095
4.736198448394496
5.003946305945459
5.41610040220442
5.793013608384144
5.730099782973574
5.365976015021851
5.8998973535824915
4.653960350157523
4.465908118654584
5.8998973535824915
5.44673737166631
3.4657359027997265
6.163314804034641
4.418840607796598
5.5254529391317835
5.2574953720277815
4.7535901911063645
4.3694478524670215
5.342334251964811
5.501258210544727
5.8289456176102075
4.927253685157205
4.2626798770413155
5.123963979403259
5.638354669333745
5.393627546352362
5.723585101952381
4.890349128221754
6.234410725718371
4.219507705176107
4.430816798843313
5.0106352940962555
5.6937321388027
5.69035945432406
5.733341276897746
4.867534450455582
5.958424693029782
6.2166061010848646
5.934894195619588
5.7899601708972535
5.659482215759621
5.099866427824199
2.70805020110221
5.493061443340548
5.0238805208462765
5.834810737062605
6.198478716492308
4.762173934797756
5.583496308781699
5.159055299214529
4.290459441148391
6.137727054086234
3.4339872044851463
4.68213122712422
6.023447592961033
5.707110264748875
6.018593214496234
6.124683390894205
5.7899601708972535
5.783825182329737
4.0943445622221
6.082218910376446
6.206575926724928
3.5553480614894135
4.736198448394496
1.791759469228055
3.5263605246161616
3.2188758248682006
5.365976015021851
6.184148890937483
6.212606095751519
5.564520407322694
4.07753744390572
5.720311776607412
6.171700597410915
3.1780538303479458
5.579729825986222
6.07073772800249
4.060443010546419
4.727387818712341
5.905361848054571
4.499809670330265
5.389071729816501
4.248495242049359
4.204692619390966
5.049856007249537
5.5093883366279774
6.028278520230698
5.5134287461649825
3.7612001156935624
5.855071922202427
5.978885764901122
6.163314804034641
5.823045895483019
4.454347296253507
6.22455842927536
4.700480365792417
0.6931471805599453
2.772588722239781
5.438079308923196
5.6937321388027
3.713572066704308
6.100318952020064
5.459585514144159
3.258096538021482
5.726847747587197
5.0238805208462765
2.1972245773362196
5.003946305945459
6.113682179832232
5.746203190540153
2.70805020110221
6.0112671744041615
3.58351893845611
3.828641396489095
2.6390573296152584
5.783825182329737
5.811140992976701
6.222576268071369
4.634728988229636
4.820281565605037
6.182084906716632
5.375278407684165
4.672828834461906
6.0063531596017325
5.488937726156687
5.003946305945459
6.2324480165505225
5.662960480135946
5.327876168789581
5.209486152841421
6.12029741895095
2.8903717578961645
3.7376696182833684
5.176149732573829
4.23410650459726
4.962844630259907
5.886104031450156
5.030437921392435
5.8998973535824915
5.53338948872752
4.59511985013459
3.912023005428146
5.556828061699537
5.739792912179234
3.784189633918261
5.560681631015528
3.5553480614894135
4.5217885770490405
5.62040086571715
4.948759890378168
5.5909869805108565
5.631211781821365
5.7430031878094825
6.142037405587356
5.4116460518550396
5.43372200355424
5.278114659230517
4.499809670330265
3.9512437185814275
5.493061443340548
6.206575926724928
6.0063531596017325
5.225746673713202
2.4849066497880004
5.393627546352362
5.159055299214529
2.772588722239781
5.71042701737487
5.017279836814924
6.2285110035911835
5.91350300563827
4.07753744390572
3.5553480614894135
5.123963979403259
6.073044534100405
6.212606095751519
4.976733742420574
4.990432586778736
6.059123195581797
2.0794415416798357
6.021023349349527
6.222576268071369
5.932245187448011
5.981414211254481
6.0063531596017325
5.225746673713202
4.983606621708336
4.204692619390966
5.814130531825066
5.796057750765372
5.82600010738045
5.438079308923196
4.6913478822291435
4.718498871295094
5.332718793265369
4.976733742420574
6.175867270105761
5.4116460518550396
5.69035945432406
5.991464547107982
5.53338948872752
4.787491742782046
4.0943445622221
5.953243334287785
5.8377304471659395
5.583496308781699
5.765191102784844
6.159095388491933
5.902633333401366
4.624972813284271
4.189654742026425
5.5053315359323625
4.605170185988092
4.844187086458591
4.330733340286331
5.616771097666572
5.493061443340548
5.231108616854587
5.726847747587197
5.627621113690637
5.123963979403259
5.749392985908253
5.978885764901122
5.916202062607435
4.382026634673881
5.293304824724492
6.2285110035911835
2.1972245773362196
5.564520407322694
3.091042453358316
6.18826412308259
4.927253685157205
5.288267030694535
4.962844630259907
4.77912349311153
4.1588830833596715
6.0867747269123065
5.2574953720277815
4.499809670330265
5.497168225293202
5.645446897643238
6.075346031088684
4.927253685157205
5.726847747587197
4.3694478524670215
5.214935757608986
5.60947179518496
5.8888779583328805
5.087596335232384
6.1675164908883415
5.942799375126701
3.295836866004329
6.124683390894205
4.553876891600541
5.003946305945459
5.69035945432406
5.476463551931511
5.84354441703136
6.091309882077698
4.897839799950911
5.707110264748875
5.796057750765372
4.23410650459726
5.860786223465865
5.003946305945459
5.459585514144159
5.5254529391317835
4.174387269895637
5.159055299214529
5.062595033026967
6.100318952020064
5.666426688112432
6.100318952020064
5.762051382780177
3.713572066704308
5.198497031265826
5.680172609017068
5.955837369464831
5.942799375126701
5.834810737062605
5.272999558563747
6.212606095751519
5.278114659230517
5.905361848054571
5.6240175061873385
4.127134385045092
6.20050917404269
6.20050917404269
5.552959584921617
5.111987788356544
6.0112671744041615
4.442651256490317
6.063785208687608
5.749392985908253
5.905361848054571
6.148468295917647
5.602118820879701
5.583496308781699
5.988961416889864
6.150602768446279
5.814130531825066
5.198497031265826
5.924255797414532
5.605802066295998
5.666426688112432
5.225746673713202
2.8903717578961645
4.04305126783455
1.0986122886681098
5.993961427306569
5.123963979403259
5.081404364984463
5.717027701406222
5.765191102784844
3.58351893845611
5.680172609017068
5.579729825986222
5.049856007249537
4.418840607796598
0.0
5.940171252720432
5.8916442118257715
4.9344739331306915
5.877735781779639
5.5909869805108565
4.07753744390572
6.1675164908883415
4.30406509320417
4.727387818712341
3.7612001156935624
6.111467339502679
5.6240175061873385
5.537334267018537
4.919980925828125
6.137727054086234
5.918893854273146
6.156978985585555
5.153291594497779
3.9889840465642745
5.883322388488279
6.059123195581797
6.045005314036012
5.733341276897746
4.812184355372417
5.54907608489522
6.175867270105761
4.290459441148391
5.8916442118257715
2.70805020110221
5.762051382780177
5.945420608606575
6.040254711277414
3.9889840465642745
3.713572066704308
3.6888794541139363
4.787491742782046
3.6375861597263857
5.60947179518496
5.365976015021851
5.19295685089021
5.739792912179234
5.924255797414532
5.43372200355424
5.720311776607412
6.095824562432225
5.123963979403259
5.605802066295998
5.902633333401366
5.14166355650266
6.150602768446279
5.953243334287785
5.840641657373398
6.135564891081739
4.653960350157523
5.950642552587727
5.8377304471659395
