7.300472814267799
3.4657359027997265
7.663407664893479
6.903747257584598
7.6255950721324535
6.803505257608338
8.1101268019411
8.224431573221159
8.163371316459912
8.134467570277563
7.275864600546533
8.165647925297504
8.108021221376747
8.045588280803528
8.142645185942795
7.906178840394815
7.440146680662688
7.561121589530238
7.894318063841624
6.760414691083428
6.293419278846481
6.131226489483141
7.746732907753622
8.000014093678072
8.315321775377567
7.899524472032198
7.520234556474628
5.820082930352362
7.707062655370473
6.833031732786201
8.237743803890933
8.055157731819678
4.736198448394496
5.986452005284438
7.1693500166706
6.9584483932976555
7.56164174558878
7.358830898342354
7.841492924460013
8.125630988477065
7.353081920515432
7.99799931797973
6.364750756851911
8.119993827725105
7.10002716662926
8.137103389639302
8.046549357283078
7.931284761525891
7.98514393119862
8.147867129923947
7.194436851100335
8.039802343736485
7.724446645633537
7.02108396428914
6.376726947898627
6.198478716492308
8.155362120328135
7.71333788887187
8.007034012193408
5.293304824724492
7.5256399750415355
6.76849321164863
6.96979066990159
6.455198563340122
7.222566018822171
6.102558594613569
8.101374671228582
6.478509642208569
8.119398589612294
8.250358951477294
7.733245646529795
7.606387389772652
8.007700012884026
6.5337888379333435
7.3031700512368
8.1886891244442
8.304989580140361
8.19891444498699
7.594381242551817
8.030409562130485
5.958424693029782
8.315321775377567
8.109826276018477
8.295798110636145
5.91350300563827
6.97354301952014
7.536363938404511
8.289539484624141
4.060443010546419
8.025189321890835
7.905441649060286
4.564348191467836
7.0326242610280065
4.564348191467836
8.248790733696413
8.21851757748959
7.042286171939743
6.834108738813838
7.554334823725748
4.174387269895637
8.028781162487148
8.192016914536875
7.44600149832412
7.616283561580385
7.629975707027789
8.01565761455734
7.791522819150732
6.752270376141742
6.873163834212518
7.5126175446745105
7.322510433997394
8.017637159908478
7.242082359256962
7.546446273746024
7.5953872788539725
7.77863014732581
7.473637108496206
7.43307534889858
7.87359778968554
8.085794701281568
8.169053149927343
6.29156913955832
7.516433302915632
8.294799358992574
6.595780513961311
7.952615111651
7.217443431696533
8.068402958569699
7.340186835320115
5.958424693029782
6.921658184151129
8.087332926473351
7.991253929840199
7.035268599281097
7.877017895622398
7.162397497355718
7.778211474512493
7.218176838403408
7.195937226475569
7.711101251840158
5.616771097666572
4.04305126783455
7.8252452914317745
5.996452088619021
6.654152520183219
7.998671361015776
8.027802848370312
6.814542897259958
7.943782692458625
7.956827122090111
7.43543801981455
7.0967213784947605
6.967909201801884
7.869019376499023
7.59337419312129
7.880804344674901
5.5254529391317835
7.718240951959316
6.9650803456014065
7.869019376499023
7.4645098346365275
8.211482916445066
6.0063531596017325
7.5740450053721995
6.876264611890766
7.927324360309794
8.017637159908478
7.132497551660044
8.037543185118697
7.408530566894626
7.492203042618741
7.69484807238461
7.675546002537848
6.38856140554563
8.282988692742602
7.909489492673759
7.605392364814935
8.107720061910534
7.4798641311650265
7.593877844605118
7.837948916025283
5.58724865840025
7.880804344674901
8.246171559857563
6.20050917404269
7.180069874302796
7.984121958702927
7.780303087908373
8.22389538017882
7.617267813628347
8.162516250140179
7.83241092718792
6.835184586147301
5.575949103146316
7.268920128193722
7.749753406274437
7.804659297056102
4.584967478670572
6.184148890937483
7.4342573821331355
7.236339342754344
7.522400231387125
7.789868559054706
6.212606095751519
6.431331081933479
7.781138509845015
4.219507705176107
8.125926802707886
7.77863014732581
7.966239776559467
7.079184394609668
7.71289096149013
5.723585101952381
7.604396348796338
7.786136437783072
7.37650812632622
7.035268599281097
8.208219383496834
6.881411303642535
7.597396320212795
7.669961995473577
7.841885928984623
7.231287004327616
8.173293438966228
8.001019961323651
5.455321115357702
7.4949862339505335
7.638679823876112
6.659293919683638
7.538494999413465
8.132706489693264
5.8289456176102075
7.417580402414544
6.955592608396297
6.267200548541362
7.459338895220296
5.786897381366708
8.260234291607297
7.566828479208331
7.595889917718538
7.280008252884188
6.523562306149512
5.802118375377063
8.273846932784508
6.795705775173514
6.570882962339584
6.9440872082295275
7.722234744709607
6.5337888379333435
7.042286171939743
7.820037989458753
7.046647277848756
6.133398042996649
7.77485576666552
8.301769763117166
7.394493107219038
6.222576268071369
8.105609402299896
7.601402334583733
7.554858521040676
8.0323601479245
7.727535110475448
8.00603417874901
8.187021067343505
5.594711379601839
7.21890970761906
8.268731832117737
7.906915488678587
7.029087564149662
7.487733761436444
1.9459101490553132
7.362645270417825
7.607878073278507
7.388327859577107
8.047189562170502
5.765191102784844
8.309184527686298
7.489970898834801
7.56164174558878
7.3796321526095525
8.141481041457421
7.8083230503910555
7.37650812632622
7.597897950521784
7.084226422097916
7.116394144093465
8.254528881939745
7.599401333415815
7.359467638255621
6.926577033222725
6.841615476477592
5.081404364984463
6.493753839851686
7.577121930876679
7.70210434005105
7.123672785204607
7.146772179452637
6.366470447731438
8.151909872940905
7.793174347189205
7.390798521735676
6.467698726104354
6.082218910376446
6.871091294610546
7.4673710669175595
5.318119993844216
7.026426808699636
7.900636613018005
7.228388451573604
8.063062911326792
5.817111159963204
7.274479558773871
8.046869510959576
6.799055862058796
7.437206366871292
7.270312886079025
8.251663923605589
7.560080465021827
7.0431599159883405
6.595780513961311
8.015987811027237
7.52294091807237
8.054522609537294
7.22402480828583
6.816735880594968
7.762596048540069
7.155396301896734
7.24422751560335
8.249052274171293
7.673223121121708
8.094988759303774
8.262816937670928
8.064950891749143
7.458186157340487
7.674617497364363
6.716594773520978
7.56734567601324
6.395261598115449
7.445417556701687
5.53338948872752
7.917536353943631
7.807916628926408
8.123261319121745
7.909856667269403
8.297045149081827
6.785587645007929
6.98100574072173
6.899723107284872
7.469083884921234
7.221105098182496
8.190908881182514
7.285506548522785
7.79934339821592
8.209852481301272
7.982074875081202
8.27614021955846
8.271292652979412
8.197814032221203
8.132118772955806
6.669498089857879
3.8501476017100584
8.197538739721184
8.07246736935477
7.45298232946546
5.407171771460119
7.890956716138919
7.920083199053234
6.731018100482083
7.877017895622398
7.142827401161621
7.231287004327616
7.855544677915663
6.161207321695077
6.447305862541213
7.234898420314831
6.280395838960195
5.170483995038151
8.19533366716287
7.575071699507561
8.125039097367745
8.062432791583195
7.1284959456800365
7.735870319952567
8.223358899479258
7.37650812632622
7.258412150595307
6.336825731146441
7.384610383176974
8.194229304819817
5.8971538676367405
7.384610383176974
7.982757702011113
7.519149957669823
7.827240901752812
7.633369649679584
7.89989532313973
8.226305988015508
7.122059881629142
7.828834527588089
7.7406644019172415
7.935229539816907
8.201111644442758
6.0112671744041615
7.959275960116396
8.300776960851454
5.955837369464831
8.185071477532283
8.16223106548118
7.0925737159746784
7.965198290612176
8.301521654940728
7.618742377670413
6.104793232414985
8.149312843635345
1.6094379124341003
7.575071699507561
8.210124405164267
8.124446855715847
8.19671240721307
6.9930151229329605
8.147288258706624
7.2682230211595655
7.67275789664251
5.8805329864007
6.0063531596017325
6.82001636467413
7.880804344674901
8.046229101075378
7.537962659768208
7.285506548522785
5.796057750765372
7.5352967024440884
8.044626279767337
7.518064181233078
8.17526610411206
8.037220031133012
3.4657359027997265
6.975413927455952
6.2766434893416445
7.521859252201629
8.257904193465674
7.097548850614793
6.966967138613983
7.805474625270857
5.659482215759621
6.586171654854675
8.3030093814735
6.976348070447749
7.565793282428515
6.815639990074331
8.025516386489008
4.406719247264253
8.06054004653864
7.852050207265889
5.87493073085203
6.499787040655854
8.250620082174692
8.059276223305648
5.476463551931511
8.128880142125638
8.002359546252707
8.166500319155052
3.970291913552122
8.026170194946426
7.370230641807081
6.0330862217988015
6.558197802812269
6.881411303642535
8.145549631783584
6.186208623900494
8.035926369891792
6.5998704992128365
7.563719668414366
8.19450550976564
7.949444420250626
8.204945165019208
7.731930721948486
7.038783541388542
7.340835554123275
7.5251007461258
7.995643604287271
4.110873864173311
8.272826003650401
7.572502985020384
4.736198448394496
8.192016914536875
7.138073034044347
5.0689042022202315
8.10258642539079
8.290292591224315
7.490529402060711
8.31164394850298
8.128290171607052
3.58351893845611
6.363028103540465
7.793586803371584
8.312135107648412
6.805722553416985
8.07775756373692
7.589841512182657
7.105786129481271
7.322510433997394
4.68213122712422
7.749753406274437
8.158516244806831
8.003363058629947
7.944492163932159
8.10711747075039
7.317876198626496
7.9391588179567965
7.440146680662688
7.962763930168115
6.481577129276431
7.772752716468742
7.731492029245684
8.069655306886165
7.936302693201959
7.98514393119862
6.771935555839602
7.223295679562314
6.927557906278317
7.762170607138205
8.289037098278483
7.646831391430482
6.60934924316738
7.080026499922591
6.045005314036012
7.465655310134056
7.993957547573565
3.828641396489095
7.947678571301568
7.165493475060845
8.15248607578024
6.92461239604856
6.583409222158765
8.284251797621916
5.8664680569332965
5.4680601411351315
8.308938252595778
8.283999304248526
6.787844982309579
7.791935956938058
8.08394570229562
6.688354713946762
6.852242569051878
7.878155336503324
6.016157159698354
7.007600613951853
7.2682230211595655
8.266678443305896
8.294799358992574
7.91644286012226
8.173011311724972
7.553286605600419
7.543802867501509
7.221105098182496
7.4977617006225685
6.53813982376767
7.793999089503996
8.038189179973203
8.212025804623437
7.509335266016592
7.870547844507712
8.07837810362652
8.186742787113518
8.30622521603216
8.185628891147607
7.782807262839695
7.709308333385869
8.289790583181643
7.994294986415977
7.528869256642251
7.845024417241484
8.035926369891792
8.311889558230359
8.11522197256233
7.286191714702382
7.221835825288449
6.717804695023691
7.965545573129992
8.312135107648412
7.813591552952433
7.923348211930154
8.158229916959494
8.057060681965766
4.804021044733257
7.428333194190806
8.000014093678072
7.616283561580385
8.130942302231878
5.308267697401205
7.0825485693553
7.960672608388117
5.4638318050256105
8.125630988477065
7.720017940432244
6.659293919683638
8.284251797621916
7.368339686311381
7.53955882930103
7.876638460975463
8.170185652879642
7.894318063841624
7.387090235656757
6.663132695990803
7.955074273262696
7.5411524551363085
8.175547596021026
7.30854279753919
7.25063551189868
7.496097345175956
7.419380582918692
6.948897222313312
8.12533508671429
8.262558973010657
7.044905117129371
7.81923445385907
6.815639990074331
7.797291273547472
7.398174092970465
6.274762021241939
7.5595594960077
7.349873704738337
8.21959545417708
7.639161171659173
6.07993319509559
6.3473892096560105
7.367708572374371
7.01211529430638
4.543294782270004
8.176391596633795
8.20303024171486
7.195937226475569
8.08794755464267
6.652863029353347
6.982862751468942
8.038512020976814
7.970740390007095
8.314097335405807
8.205218426395412
8.197538739721184
7.980707820869669
6.023447592961033
8.107418811719974
8.053251153549096
6.848005274576363
5.793013608384144
5.0106352940962555
7.845807502637805
8.212568398234145
7.792761720816526
7.875499292445208
8.08794755464267
7.861341795599989
6.77078942390898
8.257644958208228
7.5480289699350145
7.8050670442584895
7.68662133494462
7.341483852363161
8.09132127353041
7.527793987721444
7.259819610363186
8.15478757276852
8.167919362957816
7.379008127628304
7.7702232041587855
7.605392364814935
8.234564993267135
6.434546518787453
8.31164394850298
5.808142489980444
6.647688373563329
7.99598047476376
7.039660349862076
8.178358165605836
8.316789127071518
6.579251212010101
8.309676895987726
6.739336627357174
7.174724309836376
8.189799618728228
8.09559870137819
3.8501476017100584
4.5217885770490405
6.186208623900494
6.672032945461067
7.190676034332207
7.969703583278656
7.928045600874777
8.284504227258497
6.754604099487962
8.223358899479258
6.634633357861686
8.150756470275551
8.109525659752872
7.543802867501509
7.9617188159813645
8.159946655578548
8.122074375362217
7.537430036586509
7.7664168980196555
8.239593454305968
8.014335737299424
8.259458195332408
7.411556287811163
8.112227958349724
8.207401833376355
5.730099782973574
7.530479995245536
7.848543482456679
8.200013648175434
6.459904454377535
6.897704943128636
7.4489161025442
2.1972245773362196
8.27715777243181
8.21959545417708
8.10258642539079
4.787491742782046
8.099554282376364
8.178077463849608
7.580189417944541
6.376726947898627
8.00836557031292
7.8407064517494
6.565264970035361
7.771488760117616
6.779921907472252
7.727535110475448
8.303504798872783
8.272570608424903
6.111467339502679
6.104793232414985
7.844632644464681
7.284134806195205
7.518064181233078
6.39024066706535
7.786551806428712
7.001245622069476
6.18826412308259
8.234830280442056
6.962243464266207
7.461065514354283
8.143807976771484
7.313220387090301
8.213381737034572
6.982862751468942
7.69484807238461
7.906915488678587
6.910750787961936
7.336285660021297
8.187299270155147
7.967973179662935
8.118207049405783
6.093569770045136
7.895063498091573
7.89989532313973
8.17948018535889
7.696212639346407
8.137980454452139
8.225770799348734
8.043342170441608
8.261268150577648
6.917705609835305
7.925518979786926
8.159660737063376
8.036249942132116
8.074337694089515
8.258681496264236
7.897296472595885
7.721348612617949
7.792761720816526
7.6838639802564295
6.784457062637643
7.191429330036379
7.909856667269403
6.763884908562435
7.356279876550748
8.119100837637486
8.03689677268507
7.05444965813294
8.096817470572319
7.8713112033234065
8.229511118964457
6.650279048587422
6.774223886357614
7.520234556474628
8.156797046675651
7.3914152346753585
8.125630988477065
8.190077049719049
7.999342952713282
7.955074273262696
8.19229373114764
8.181720455128108
8.230044310126114
7.6236419465115715
7.909122183211411
8.108623268354595
7.407924322559599
8.009695357742922
8.017637159908478
7.616775808698373
6.329720905522696
7.1929342212158
7.632885505395133
7.422373700986824
7.453561871643373
7.205635176410364
7.7823903355874595
8.121183242078828
7.8407064517494
8.301521654940728
7.133295954896068
7.671826797878781
8.068716192714781
7.878534196140362
7.966239776559467
8.127699852817772
7.762596048540069
1.791759469228055
4.976733742420574
7.077498053569231
8.176672771948455
7.8252452914317745
8.0959035329611
7.0967213784947605
8.057377488557991
7.440733707389261
4.574710978503383
7.002155954403621
7.9287663216266955
7.313886831633462
7.732369222284388
7.512071245835466
7.472500744737558
8.122668023346407
8.145549631783584
7.890208213109961
7.343426229147367
6.171700597410915
7.9483852851118995
7.138866999945524
6.650279048587422
7.531552381407289
5.8888779583328805
8.248790733696413
7.409136443920128
7.444833273892193
7.795646536334594
8.01565761455734
7.9441374911141125
6.984716320118266
5.198497031265826
7.75491027202143
3.4657359027997265
7.5352967024440884
8.03947991910045
8.269756947532983
7.326465613840322
7.581719640125308
6.902742737158593
6.220590170099739
8.190077049719049
7.903596289614301
7.622174594817622
7.859413154693583
7.676473646389156
7.267525427828172
7.822444729489319
6.875232087276577
8.121777419161074
8.109525659752872
7.937731775260109
7.60688453121963
6.930494765951626
7.730174795246222
8.302513718514158
7.805474625270857
7.930565854233965
8.257385655730436
7.606387389772652
6.784457062637643
8.279950715722526
7.170119543449628
7.67693714581808
8.019283792916793
7.933438387627489
7.466227556215481
7.724004656676065
6.957497370876951
7.31986492980897
7.329749689041512
7.940583827104244
6.040254711277414
6.021023349349527
6.07073772800249
6.532334292222349
8.166216268592143
6.827629234502852
8.079308192051961
6.742880635791903
7.13966033596492
7.9247959139564355
7.988542982737695
7.9208096792886
5.572154032177765
6.329720905522696
5.4680601411351315
8.18646442942209
4.844187086458591
7.704811922932594
7.914983005848394
7.52131798019924
6.318968113746434
7.836369760545124
5.25227342804663
7.705262474866325
5.953243334287785
7.704361167910313
8.202208436436448
7.704361167910313
4.962844630259907
5.634789603169249
6.20455776256869
6.97166860472579
7.9868449011613825
7.829630389150193
7.890956716138919
6.919683849847411
5.966146739123692
8.237214703349489
6.939253946041508
7.182352111885263
8.262042843966942
7.9102237070973445
6.612041034833092
7.932003152361385
4.499809670330265
6.529418838262226
8.268218880067506
6.9782137426306985
7.112327444710911
8.012680929706839
7.307202314764738
7.974532844130228
7.95892649305011
7.843848638152472
7.902117546276448
8.25712628599743
7.943427767876373
7.642044402873258
6.576469569048224
7.266827347520591
5.476463551931511
8.17948018535889
7.80994708647679
6.695798917058491
7.408530566894626
6.618738983517219
6.2766434893416445
6.837332814685591
7.517520850603031
7.580699752224563
6.678342114654332
7.81237820598861
8.13622555490846
7.760893195851024
8.07558263667172
7.424165281042028
7.637234388789473
6.752270376141742
8.08394570229562
7.302496423727326
6.440946540632921
8.07775756373692
6.9782137426306985
7.6676260915849905
7.699842407396986
6.928537818164665
8.261009786023827
7.495541943884256
8.122371243406553
6.854354502255021
8.12415060330663
8.10530751550515
8.131236549696116
5.918893854273146
7.2909747781429814
7.831617276352611
6.84587987526405
8.101980731853192
8.055475141757274
7.581209826196346
5.220355825078324
7.781138509845015
7.474204806496124
6.959398512133975
6.364750756851911
5.111987788356544
7.126087273299125
7.581209826196346
6.543911845564792
8.188133414510478
7.803026643632217
7.00850518208228
8.28045768658256
7.875119281040293
7.784889295655098
7.798112628829788
8.303999970955196
7.355001921105257
7.955775781534187
8.150467911624004
8.275121630216509
7.31986492980897
8.15507488781144
7.837159650001675
6.3835066348840055
7.898411092811599
6.761572768804055
7.311886164077165
7.979681302387741
7.412160334945205
7.249925536717988
6.539585955617669
7.079184394609668
6.326149473155099
7.799753318287247
5.0106352940962555
6.126869184114185
7.513709247839705
8.196161139282902
7.860570785538664
7.731053144007127
8.174421152646497
8.10349427838097
7.847371836159788
3.4011973816621555
7.684783943522785
8.25088114470065
7.8336002236611035
8.282230063296685
5.736572297479192
8.119993827725105
8.270781013162674
7.792761720816526
6.639875833826536
7.573017256052546
6.849066282633458
8.234830280442056
6.668228248417403
6.57507584059962
7.920083199053234
6.672032945461067
8.267192185932146
7.454719949364001
7.685703061234547
5.0369526024136295
6.091309882077698
7.67368812926773
6.455198563340122
8.158802490694002
7.282073658093465
8.287528423111763
7.459338895220296
3.091042453358316
8.204945165019208
8.064950891749143
7.202661196523238
7.768110378525988
7.613324979540639
4.59511985013459
7.365180126021013
5.220355825078324
8.182279739259018
7.835974581721566
7.796057974316123
7.794823152179389
8.290041618704489
8.165363632473982
7.52456122628536
8.09132127353041
8.280964400553373
6.561030665896573
5.181783550292085
7.110696122978827
7.703459047867175
6.85751406254539
8.298041661371565
6.39024066706535
7.478734825567875
5.459585514144159
7.8119734296220225
8.146998697389993
3.9889840465642745
7.523481312573497
8.173293438966228
7.761744984658913
8.08394570229562
7.221835825288449
8.08394570229562
7.462789157412448
6.152732694704104
7.113956109566034
5.093750200806762
6.306275286948016
7.333676395657684
8.009695357742922
7.237778191923443
7.620214770574455
8.048149101665201
7.161622002939187
7.0431599159883405
3.258096538021482
6.835184586147301
5.3230099791384085
8.300280189852664
8.316544717929398
8.21851757748959
7.876638460975463
7.759614150696903
8.242493153187626
7.362645270417825
8.054204897064407
7.3395376954076745
7.866338923046544
7.491087593534876
7.765993079407675
7.741967899820685
7.573017256052546
6.803505257608338
8.195057690895077
6.814542897259958
5.087596335232384
8.253748343328501
8.226038429485484
8.18423477409482
7.150701457592526
7.7306140660637395
7.117205503164344
7.365180126021013
6.961296045910167
8.204945165019208
7.65491704784832
7.503840746698951
3.5553480614894135
7.484930283289661
7.3864708488298945
8.29054350077274
7.99699040583765
8.169336395928386
8.038189179973203
7.166265974133638
8.317277766221235
8.288534459413917
6.255750041753367
6.150602768446279
7.048386408721883
7.720905251936779
5.730099782973574
8.105911197986508
7.705262474866325
7.633369649679584
7.740229524763182
7.501082124259871
6.93537044601511
5.834810737062605
7.720905251936779
7.007600613951853
7.156176637480615
7.280697195384741
8.007034012193408
5.713732805509369
8.259716961021523
8.161089512845797
6.625392368007956
6.637258031284457
7.4073177104694174
8.13505390861157
7.884952945759814
6.949856455000773
5.929589143389895
6.7661917146603505
7.821643126239982
8.134467570277563
4.499809670330265
8.11701408773731
7.773594467360194
7.890956716138919
8.253227645581772
8.200837258379849
5.225746673713202
6.505784060128229
6.7464121285733745
6.095824562432225
8.250097752572845
8.016317898503415
7.923710333969238
7.715123603632105
7.876258882303226
6.728628613084702
6.459904454377535
8.308938252595778
7.988882253309227
7.784057002639929
8.227375506834035
8.296795865770052
8.066521490469993
8.04237800517328
7.810758116529357
8.247743887225516
4.9344739331306915
8.192016914536875
7.932721027481948
7.764296006450518
7.619233416226805
8.163371316459912
8.135639903354386
5.638354669333745
5.5053315359323625
8.293549515060345
6.7661917146603505
7.358193752733032
5.4680601411351315
8.308199063206446
7.630461261783627
6.85751406254539
8.050065422915965
6.988413181999592
7.581209826196346
7.957177323459475
7.454141078146678
8.184513753033722
7.4205789054108005
7.738488122494646
8.191463051326927
7.1049654482698426
8.244596756382498
7.475339236566737
7.895436006942965
6.35088571671474
8.07558263667172
7.295735072749282
8.049427057110695
7.756195343948118
7.454141078146678
7.914252278742441
7.416979621381154
5.955837369464831
7.590852123688581
8.071843149609158
7.448333860897476
5.934894195619588
7.9483852851118995
7.945909598613133
3.713572066704308
7.589841512182657
7.769800996003896
5.147494476813453
7.153833801578843
7.516433302915632
8.310660905907225
7.537430036586509
7.257707677160043
8.226840890408578
7.81156848934518
7.313886831633462
7.814803429489359
7.060476365999801
8.012349639327795
4.356708826689592
6.878326468291325
7.572502985020384
7.81762544305337
7.789040401657477
5.655991810819852
8.126222529458525
5.313205979041787
7.669028288589683
5.420534999272286
8.23323750070527
7.893945138235959
7.226936018493289
7.085901464365611
7.145196134997171
6.638567789166521
7.817222785508166
6.785587645007929
7.887208585813932
6.891625897052253
4.68213122712422
7.9483852851118995
8.28374674710613
7.871692664323645
7.945909598613133
7.393263094763838
7.94873845481361
7.1180162044653335
7.6577552711348655
7.726212650507529
7.627544390488503
7.804659297056102
7.202661196523238
7.884952945759814
8.022240916806537
6.651571873589727
5.332718793265369
7.650644551436897
8.165363632473982
6.368187186350492
6.403574197934815
5.455321115357702
7.460490305825338
8.301025253838453
7.221835825288449
8.189244525735901
7.466227556215481
6.6240652277998935
5.170483995038151
6.8658910748834385
8.07215530818825
3.970291913552122
8.300280189852664
8.0702808933939
8.00603417874901
7.970394907191429
6.945051063725834
7.994294986415977
6.882437470997847
7.090076835776092
7.005789019253503
7.284820912568604
6.100318952020064
7.069874128458572
7.899153483343097
7.288244401020124
6.413458957167357
8.184792654165078
6.169610732491456
6.154858094016418
8.076204527239026
6.903747257584598
6.269096283706261
7.9483852851118995
7.167809184316444
8.061486866871327
7.659171367666058
6.502790045915623
7.215239978730097
2.0794415416798357
5.552959584921617
8.246958032568177
8.196161139282902
6.776506992372183
6.289715570908998
6.621405651764134
7.469083884921234
7.501082124259871
7.029087564149662
6.522092798170152
6.898714534329988
7.510977752014095
7.857093864902493
8.283241441385425
7.557994958530806
4.859812404361672
7.080026499922591
7.093404625868766
7.9909154630913255
6.954638864880987
7.5678626054638825
8.060855752934316
7.828436359157585
7.744136627627991
7.923348211930154
8.078067881815437
6.489204931325317
7.8160138391590275
6.593044534142437
5.10594547390058
7.652070746116482
6.46302945692067
7.599901959208498
7.085901464365611
7.794411205726601
7.724888439323074
8.169902647359145
8.00903068506973
5.662960480135946
8.307459327011946
5.973809611869261
6.282266746896006
7.89989532313973
7.962067308753666
7.979338895262328
6.723832440821209
7.081708586105575
8.240385115516334
7.739794458408701
8.28121766128665
7.895436006942965
8.278682162970906
7.291656209174461
7.59890045687141
7.644440761556566
8.056109659545061
7.80016307039296
6.824373670043086
7.563719668414366
7.226936018493289
7.7702232041587855
8.202756381655638
8.297543529356284
7.479299637782834
7.760893195851024
7.526717561352706
5.14166355650266
8.025843344150903
7.813591552952433
5.560681631015528
6.118097198041348
7.8928255262511176
7.430707082545968
7.221835825288449
7.430114138561801
7.967973179662935
7.237778191923443
8.281723990411392
7.5310163320779155
7.074963197966044
6.964135612418245
5.267858159063328
8.173575486634153
8.002694162283937
6.694562058521095
8.190077049719049
8.169053149927343
7.267525427828172
8.016317898503415
7.711548979629146
6.405228458030842
8.316789127071518
8.183118079394745
5.58724865840025
5.8916442118257715
6.4967749901858625
6.911747300251674
7.6128310304073565
6.86171134048073
7.902117546276448
7.202661196523238
7.968665700466235
7.75833346749091
8.310169021981912
6.133398042996649
8.22389538017882
7.954021087278037
7.805474625270857
7.424761761823209
7.8351837552667485
8.294549515143679
7.595889917718538
8.131236549696116
8.302265794873367
6.974478911025045
6.879355804460439
5.983936280687191
7.672292455628756
7.827240901752812
5.552959584921617
7.266827347520591
6.593044534142437
8.055475141757274
5.971261839790462
5.10594547390058
8.09132127353041
8.0774471493312
6.761572768804055
7.424761761823209
7.515889085215125
7.278628942320682
7.534762657037537
6.593044534142437
6.9782137426306985
7.983781068977451
6.919683849847411
7.1284959456800365
7.346010209913293
7.321849713788356
7.498869733976931
7.647308832356238
5.5134287461649825
7.8724551500639794
7.968665700466235
8.224163512637862
5.4116460518550396
6.925595197110468
6.732210706467206
8.006700845440367
7.749753406274437
7.372118028337787
8.288534459413917
8.187855443695623
8.065579427282092
6.806829360392176
8.07153089355666
7.1204443723924875
5.308267697401205
8.046229101075378
6.553933404025811
8.121183242078828
5.598421958998375
7.768956044538332
7.044032897274685
8.00603417874901
6.171700597410915
8.037543185118697
7.81156848934518
4.74493212836325
8.293799608846818
8.275376374836407
8.065579427282092
7.097548850614793
8.288534459413917
8.08825472712243
6.663132695990803
7.911690520708339
7.489970898834801
8.271292652979412
7.001245622069476
6.104793232414985
6.4425401664681985
8.226840890408578
7.727535110475448
8.011355109161286
6.568077911411976
6.598509028614515
7.513163545234075
7.753623546559746
8.064321960910803
3.091042453358316
6.975413927455952
4.6913478822291435
8.101374671228582
8.140315540159985
8.259199362666282
7.368339686311381
6.694562058521095
5.91350300563827
8.069655306886165
6.529418838262226
8.162801353492073
8.018954683155718
8.165932137321585
5.955837369464831
7.984803389734406
8.100161446936607
7.485491608030754
7.524021415206125
8.050384453067021
7.919719760924575
6.2166061010848646
7.96346006663897
6.4692503167957724
6.70808408385307
7.410347097821024
7.593877844605118
7.502186486602924
8.258422462458876
6.677083461247136
7.331714969726466
6.18826412308259
7.033506484287697
7.476472381163905
8.170751423757535
7.758760544157663
5.652489180268651
6.413458957167357
7.347299700743164
7.078341579557671
7.782807262839695
7.5411524551363085
5.293304824724492
7.879669914604289
7.510977752014095
2.6390573296152584
7.1276936993473985
7.522400231387125
7.908387159290043
8.123854263105914
7.074963197966044
7.914617709040679
4.68213122712422
7.480428306074208
7.5688956634069955
7.970394907191429
4.997212273764115
1.3862943611198906
8.285513309079741
7.769378609513984
6.066108090103747
7.964850887447313
8.10832229017324
4.51085950651685
8.30795254527102
6.594413459749778
5.030437921392435
7.939515260662406
7.476472381163905
7.988882253309227
8.243282523048375
7.413970290190444
7.359467638255621
5.0689042022202315
6.858565034791365
8.172729104865471
4.962844630259907
7.8013913202914855
4.110873864173311
8.193676665955241
7.013915474810528
6.90875477931522
7.894318063841624
8.09132127353041
7.327123292259293
4.276666119016055
7.023758954738443
3.6888794541139363
6.923628628138427
5.768320995793772
8.199738960630786
7.0707241072602764
7.784889295655098
1.0986122886681098
8.308691916838898
8.068402958569699
2.4849066497880004
7.752764808851328
6.960347729101308
7.796057974316123
8.30795254527102
7.2813856635702825
4.127134385045092
7.954021087278037
8.030409562130485
6.7912214627261855
8.313607139317558
7.989899374942939
5.929589143389895
6.90875477931522
7.3864708488298945
6.799055862058796
8.168486417126681
6.386879319362645
5.968707559985366
8.149312843635345
8.209852481301272
8.09162741160107
6.20455776256869
8.30671904320269
6.945051063725834
5.488937726156687
7.183111701743281
7.3914152346753585
7.62608275807238
7.8383433155571165
7.586803535162581
2.0794415416798357
8.116118431609365
8.278428259199071
7.498869733976931
8.121183242078828
7.371489295214277
7.403670290012373
7.057897937411856
7.4489161025442
7.533158807455563
8.235625719964311
3.4011973816621555
8.026170194946426
7.138073034044347
7.746300662231439
7.205635176410364
8.074960359115858
6.0014148779611505
7.729735331385051
6.406879986069314
5.327876168789581
8.290292591224315
4.290459441148391
8.153061946801051
6.741700694652055
7.396948602621014
5.82600010738045
7.922623574217286
7.307872780763706
7.341483852363161
7.882314918980268
6.99117688712121
7.653969180478774
7.950149887652018
8.264620829411216
7.59337419312129
7.897668150726906
8.29254851397576
6.396929655216146
7.763446388727362
7.545918151209323
6.687108607866515
5.389071729816501
7.947678571301568
8.124743020385568
7.738052297689316
6.261491684321042
8.11701408773731
8.11969625295725
7.218176838403408
7.741967899820685
5.817111159963204
7.949444420250626
6.70196036600254
6.878326468291325
7.8826922062890254
7.802618063442671
7.7706452341291765
6.1092475827643655
7.77485576666552
7.450079569807499
6.838405200847344
6.598509028614515
7.959625305098115
7.929846429742503
6.508769136971682
8.310660905907225
6.021023349349527
5.7430031878094825
8.231908243564177
6.311734809152915
7.785305182539862
8.214735833382303
7.69484807238461
7.7702232041587855
8.074649075066652
5.332718793265369
5.953243334287785
5.043425116919247
7.8399193600125825
8.271036865792954
7.649692623711514
8.018954683155718
8.275376374836407
5.673323267171493
7.952966790923131
7.786551806428712
8.2960476427647
7.622663951323595
7.884952945759814
7.824845691026856
6.930494765951626
8.098034756176071
8.28374674710613
7.90100705199242
8.289539484624141
7.86480400332846
7.579167967396076
7.044905117129371
6.811244378601294
7.421775793644647
8.069029328774958
8.31115254800169
6.548219102762372
6.280395838960195
8.222016437202196
7.491087593534876
7.784473235736469
8.299783171949787
7.106606137727303
7.903226808730733
7.890956716138919
8.153637486385282
6.966967138613983
5.318119993844216
7.631916513071252
7.58629630715272
6.0063531596017325
8.101980731853192
7.306531398939505
7.594381242551817
6.133398042996649
7.22402480828583
8.012349639327795
7.8434564043761155
7.914252278742441
7.8343923029104365
7.764296006450518
8.302513718514158
7.477604243197589
7.016609683894219
7.563200592358071
6.877296071497429
5.739792912179234
7.074963197966044
8.019941687677365
4.499809670330265
6.253828811575473
8.094073148069352
7.3987862754199485
8.01102337918644
7.769378609513984
8.313607139317558
7.886081401775745
7.669961995473577
7.80710329012598
7.917171988845776
7.113956109566034
7.913155185928068
8.0959035329611
7.679713639966372
7.736743682453495
7.620705086838262
7.81035268372429
7.906547232368036
7.9229859587111955
8.131236549696116
6.6039438246004725
7.1098794630722715
6.994849985833071
7.3453648404168685
6.2422232654551655
7.569411792450712
6.683360945766275
5.117993812416755
7.104144092987527
8.205764725234456
7.236339342754344
7.895808377083183
8.264105763728956
6.3473892096560105
7.893198869544609
7.528331766707247
8.132118772955806
6.674561391814426
7.752764808851328
8.161375023197486
8.174421152646497
7.16703787691222
8.085486772102845
7.01571242048723
8.196436811235028
7.301822342137932
7.815207062189088
8.07153089355666
7.86940171257709
5.117993812416755
8.246171559857563
8.09712193091871
7.778211474512493
7.956827122090111
5.288267030694535
7.714677473800927
6.2422232654551655
8.20849175174038
7.761744984658913
5.680172609017068
8.222285073872717
7.358830898342354
8.084254106307318
5.8664680569332965
6.502790045915623
7.889084407035514
6.891625897052253
7.86172707782398
3.970291913552122
7.981049759665957
6.950814768442584
8.034631032923107
6.90875477931522
7.616283561580385
7.829630389150193
8.058643712215618
7.144407180321139
6.812345094177479
6.948897222313312
6.1779441140506
6.620073206530356
8.3133619511344
7.992268643270745
5.099866427824199
8.311889558230359
7.556427969440253
7.876638460975463
6.940222469119639
7.692569648067906
8.022568946988255
7.050122520269059
8.289288323000317
8.123854263105914
8.253488028345904
7.688455356549944
7.9105906122564775
7.99799931797973
7.611842399580417
7.652545692693921
8.117908942383155
7.145196134997171
7.865187954187467
8.164225652265827
7.644440761556566
7.6093665379542115
6.826545223556594
7.991592282068092
7.400009517162692
8.085794701281568
7.492203042618741
7.057036981697891
8.165647925297504
7.554858521040676
6.866933284461882
7.892078421248119
7.583756300707112
6.82001636467413
6.910750787961936
8.292047637431354
7.900636613018005
7.579678823090456
8.083637203141548
6.84587987526405
7.854381210652365
8.147288258706624
7.037905963447182
7.688913336864796
7.44600149832412
7.446585099157725
7.309212365692763
7.639161171659173
6.448889394146858
7.395721608602045
7.813995675002791
7.6255950721324535
8.126222529458525
7.1631723908466425
7.970740390007095
8.164794804244766
7.731930721948486
8.256866848974312
6.29156913955832
6.586171654854675
6.9975959829819265
7.822845290279774
7.186901020411631
6.7580945044277305
8.231642179973411
8.06211758275474
8.162801353492073
6.432940092739179
7.872073979866873
7.605392364814935
8.291797105048733
8.170185652879642
8.056426767522984
7.766840537085513
6.129050210060545
8.17131687471973
8.279950715722526
7.708410667257367
8.225770799348734
8.121777419161074
7.135687347028144
7.149131598557407
8.240121298076472
7.970394907191429
3.9889840465642745
8.210939733379021
7.544861068658458
8.119398589612294
6.775366090936392
5.802118375377063
7.305188215393037
7.955074273262696
7.884952945759814
7.6760099320288875
7.515889085215125
6.647688373563329
5.214935757608986
7.949444420250626
8.236685322712457
7.54274354536855
7.633369649679584
7.193685818395112
7.950854857719988
7.686162303492906
8.08394570229562
7.201916317531627
7.813995675002791
7.377133712833954
7.602900462204755
6.513230110912307
7.5688956634069955
7.988882253309227
6.906754778648554
7.396948602621014
7.134890851565884
5.746203190540153
8.183955717304954
6.077642243349034
7.442492722794441
5.308267697401205
8.092239406724211
7.198183577101943
7.713784616598755
8.12058871174027
8.085794701281568
7.826044013518965
8.049427057110695
7.746732907753622
7.813187267521416
8.044626279767337
7.282761179605593
8.161089512845797
7.88193748927207
7.904703913873747
7.156176637480615
7.4645098346365275
7.212294468500341
7.539027055823995
7.305860032684009
5.966146739123692
7.050989447068045
7.321188556739478
7.881559917056899
8.213381737034572
7.355641102974253
8.193400231952097
8.01532730902172
7.990576881743923
8.038512020976814
8.13593277200489
7.526717561352706
5.043425116919247
5.662960480135946
7.307872780763706
7.86480400332846
7.771067086065406
6.759255270663693
7.982757702011113
8.11522197256233
7.149916836132109
6.406879986069314
7.720461694599722
6.955592608396297
7.526717561352706
7.858640655620791
6.859614903654202
7.349230824613334
7.764720544771477
5.726847747587197
7.996317231796746
7.520776415062797
7.68017564043659
7.1049654482698426
5.739792912179234
6.704414354964107
7.5745584842024805
7.795646536334594
7.661997558901893
4.718498871295094
8.263590432617319
7.033506484287697
4.61512051684126
8.22282213081366
5.327876168789581
7.603897968521881
7.542213463193403
7.771910256435763
6.900730664045173
7.919719760924575
8.214194414852564
7.718685495198466
7.880804344674901
8.235625719964311
8.09925056179696
7.96102146588337
7.704811922932594
6.68586094706836
8.161089512845797
5.017279836814924
7.445417556701687
7.1308988302963465
5.780743515792329
8.219864741912652
8.198089248956116
7.086737934510577
8.181160858023409
8.096208271650037
7.84971375760487
7.768533300926033
8.148156439921625
7.544861068658458
7.960672608388117
6.86484777797086
8.151909872940905
7.700295203420117
7.904334842085095
7.751475318021456
6.673297967767654
7.710653323501202
7.437206366871292
7.716460800176355
7.607381425639791
7.397561535524052
6.86171134048073
7.264730177929867
7.934871565945177
8.23323750070527
7.7651449029361315
7.9291264873067995
8.182000136293405
6.439350371100098
7.48324441607385
7.936302693201959
7.527793987721444
7.108244139731541
6.824373670043086
8.316055720364643
7.371489295214277
5.961005339623274
7.54274354536855
5.981414211254481
7.681099001536359
6.309918278226516
6.942156705699469
6.626717749249025
7.68017564043659
7.479299637782834
7.826443135456014
7.972121128921655
7.413970290190444
7.434847875211999
7.600902459542082
7.523481312573497
8.205218426395412
8.27893600229198
8.11522197256233
7.873978379604501
7.261225091971921
7.349230824613334
7.946971357693591
7.347299700743164
7.652070746116482
7.894690850425624
7.259116128097101
8.060855752934316
4.02535169073515
8.07558263667172
7.072421900537371
8.160232492367689
7.970049304976135
7.79934339821592
7.7354333524996886
7.764296006450518
7.208600337960199
7.4067107301776405
7.902487437162855
6.721425700790643
7.27655640271871
7.368339686311381
7.580189417944541
5.0369526024136295
8.190077049719049
5.170483995038151
8.303752415563412
7.9294865233142895
7.9854843567338225
8.036573409707312
8.09437844497296
3.912023005428146
7.4067107301776405
6.950814768442584
6.77078942390898
7.241366283322318
7.886081401775745
7.754052639035757
7.3727463664043285
8.10258642539079
7.349230824613334
6.728628613084702
7.592870287844818
8.073714641109857
7.1316985104669115
8.240385115516334
7.971085753505607
7.734996194022781
6.289715570908998
8.31115254800169
7.532623618788788
7.153833801578843
7.166265974133638
6.8966943316227125
7.905441649060286
7.995643604287271
6.903747257584598
8.0959035329611
7.04141166379481
8.263332667439967
7.922261058353247
7.711101251840158
6.990256500493881
3.367295829986474
7.913521017283895
8.080546965824498
7.930206206684683
5.44673737166631
7.5652752818989315
6.9957661563048505
6.315358001522335
6.576469569048224
7.201170883281678
7.928406026180535
7.578656850594762
7.672292455628756
5.10594547390058
8.186742787113518
7.204892510204673
7.703007682479236
7.795234929002173
6.961296045910167
6.124683390894205
5.966146739123692
8.258940462988459
7.907651594711089
6.669498089857879
7.060476365999801
7.774015077250727
8.175547596021026
6.621405651764134
8.263074835802596
8.039157390473237
8.060224240440958
8.25088114470065
7.520776415062797
8.116118431609365
5.484796933490655
8.15708378502887
7.813187267521416
7.761744984658913
7.451241684987676
7.410347097821024
6.583409222158765
7.534762657037537
6.873163834212518
8.224431573221159
3.912023005428146
7.897296472595885
8.108021221376747
6.030685260261263
7.889084407035514
8.200013648175434
5.529429087511423
8.021912778985708
8.29254851397576
8.047829357457841
8.20631072579402
8.15162164696975
7.333676395657684
7.061334366910438
8.104099056143582
8.253748343328501
6.588926477533519
6.794586580876499
7.719129840906732
7.7664168980196555
7.627544390488503
7.280697195384741
7.855544677915663
6.922643891475888
7.9672801789422
8.264878262801748
6.517671272912275
7.9909154630913255
7.592870287844818
7.231287004327616
8.27893600229198
8.045267716607803
7.143617602704121
7.242082359256962
8.194229304819817
7.00850518208228
7.971085753505607
5.293304824724492
8.130942302231878
7.773594467360194
7.930925372483388
8.266678443305896
8.270013062273787
5.8998973535824915
7.763021309018518
7.841492924460013
8.226573474977114
5.484796933490655
7.8009820712577405
8.116417072794205
8.018954683155718
7.239214973779806
7.188412736496954
7.489412083508719
7.815207062189088
7.909122183211411
6.754604099487962
7.37650812632622
8.284504227258497
8.161089512845797
8.17413934342947
7.841099765422119
6.466144724237619
8.122074375362217
7.789040401657477
8.100161446936607
7.824845691026856
6.391917113392602
6.244166900663736
7.387090235656757
6.837332814685591
7.92588031673756
7.329749689041512
7.83002808253384
8.08825472712243
7.177782416195197
7.906915488678587
7.660585461703256
8.109525659752872
7.76046702921342
7.743269700829004
8.173857454773621
7.862112211662748
7.72356247227797
8.177796683277778
5.327876168789581
7.752335163302292
6.767343125265392
7.64826303090192
8.10530751550515
7.958227192322312
8.226840890408578
7.864419904994565
7.8582541821860294
4.48863636973214
8.11102783819368
7.917536353943631
7.413970290190444
6.960347729101308
7.123672785204607
6.736966958001855
7.762596048540069
8.309184527686298
7.360103972989152
8.287276755814599
6.980075940561763
8.242493153187626
8.265907334155747
8.182279739259018
5.783825182329737
8.158516244806831
6.295266001439646
7.781138509845015
7.716906135298388
7.927685045615778
7.488293515159428
7.040536390215956
4.852030263919617
8.239593454305968
7.264730177929867
7.356918242356021
8.271292652979412
7.447751280047908
7.641084249174914
7.244941546337007
8.242493153187626
7.2991214627108
7.841099765422119
7.802209316247118
8.095293776844649
7.745435610274381
8.279950715722526
6.993932975223189
7.954372272531867
7.4067107301776405
5.8289456176102075
6.234410725718371
8.230044310126114
8.303504798872783
8.07153089355666
7.871692664323645
7.170119543449628
8.031710375322042
7.635786861395585
7.3098814858247865
4.990432586778736
8.112827478751374
7.060476365999801
7.370230641807081
7.4821189235521155
6.306275286948016
7.455298485683291
8.006700845440367
5.41610040220442
7.322510433997394
7.605890001053122
6.717804695023691
7.2196420401307355
8.10258642539079
6.532334292222349
8.068402958569699
7.873217054862741
7.130098510125578
5.652489180268651
6.429719478039138
5.420534999272286
8.214735833382303
7.895063498091573
7.3758821482150125
7.365812837209472
8.046229101075378
6.790097235513905
7.234898420314831
7.827639546366422
3.9318256327243257
8.264878262801748
7.887959336599945
8.190908881182514
8.208219383496834
7.746300662231439
8.157943507105037
8.023879992734878
7.226209010100671
6.763884908562435
8.099554282376364
8.163371316459912
7.909856667269403
8.024207485778577
8.050384453067021
8.264105763728956
5.44673737166631
7.425953657077541
6.569481420414296
8.087025470667701
6.576469569048224
7.734996194022781
7.806289289267033
8.28374674710613
7.294377299288821
6.8001700683022
5.497168225293202
6.7650389767805414
6.679599185844383
8.057694194815587
7.636752112435779
7.383989457978509
7.8383433155571165
8.27052509505507
7.348587530927593
6.694562058521095
7.913155185928068
7.57198844937744
7.366445148327599
7.527793987721444
8.184792654165078
8.294049640102028
7.049254841255837
7.779466967458324
6.70808408385307
7.734121303328305
7.183870715062453
7.8407064517494
7.87359778968554
8.281470857895167
4.584967478670572
7.812782818577581
7.650168700845001
7.163946684342547
8.290794347381356
6.633318433280377
7.569411792450712
7.835974581721566
6.612041034833092
8.041412909393047
8.105911197986508
7.427144133408616
5.442417710521793
7.6953031349635665
7.605890001053122
8.19063168090354
7.858640655620791
6.251903883165888
8.14902386805177
7.475339236566737
7.824046010856292
7.533158807455563
6.79794041297493
7.641084249174914
8.136810863675537
7.112327444710911
6.962243464266207
5.176149732573829
7.710653323501202
7.418780882750794
7.962415680121064
8.17103418920548
7.87777633327726
7.9441374911141125
7.275172319452771
7.201916317531627
8.160518247477505
7.4798641311650265
8.127699852817772
6.473890696352274
6.92951677076365
8.293049139768444
6.238324625039508
6.728628613084702
8.297045149081827
8.316055720364643
6.767343125265392
8.278174290943738
8.188133414510478
5.908082938168931
8.062747901086354
3.091042453358316
4.248495242049359
8.118207049405783
8.048788283534199
7.938445551164788
7.778211474512493
6.6293632534374485
7.21081845347222
6.38856140554563
8.183955717304954
7.603897968521881
7.0707241072602764
8.256347772918016
8.044305406990638
8.058643712215618
7.142827401161621
7.674152921281675
0.6931471805599453
7.652070746116482
5.840641657373398
6.09807428216624
5.6240175061873385
7.157735484249907
7.647786045440933
8.083328608786376
4.852030263919617
6.45833828334479
7.685243607975833
6.643789733147672
4.912654885736052
7.183111701743281
6.54534966033442
8.094683648698815
7.713784616598755
7.3632795869630385
5.278114659230517
4.770684624465665
8.306472160100585
6.814542897259958
7.875119281040293
7.9599745280805365
6.338594078203183
5.75890177387728
7.939515260662406
7.247080584585756
8.210668031162976
5.293304824724492
8.089482474360754
8.113426639943654
6.529418838262226
7.70210434005105
8.128880142125638
7.507690077819904
7.0967213784947605
7.122866658599083
2.8903717578961645
6.51471269087253
8.224431573221159
7.357556200910353
6.253828811575473
7.768533300926033
8.098642843759418
6.673297967767654
7.474204806496124
8.047189562170502
7.0326242610280065
8.000684784514748
8.150179269682326
8.063692634269517
7.920446505142607
8.085178748074537
8.19118600464279
5.545177444479562
8.222016437202196
8.06117135969092
6.931471805599453
7.923348211930154
7.183111701743281
7.7823903355874595
5.720311776607412
8.101677747454572
7.087573705557973
8.018954683155718
7.716460800176355
7.280697195384741
6.495265555937008
7.088408778675395
7.768956044538332
7.029087564149662
7.4645098346365275
7.241366283322318
6.391917113392602
7.1731917424865985
8.146998697389993
8.117908942383155
5.25227342804663
7.510977752014095
7.999007213243955
8.272826003650401
7.913155185928068
8.250358951477294
7.898411092811599
7.930565854233965
7.86940171257709
8.10832229017324
6.045005314036012
8.234299635696253
7.004881989712859
6.9930151229329605
4.574710978503383
6.9650803456014065
7.8632667240095735
7.993957547573565
7.704811922932594
7.355641102974253
7.00850518208228
8.31090675716845
8.170751423757535
8.15248607578024
7.334981878871814
8.261526448396468
6.403574197934815
7.617267813628347
3.5263605246161616
7.080867896690782
6.740519359606223
7.512071245835466
7.781138509845015
7.9714309977693505
7.027314514039777
8.165932137321585
6.386879319362645
8.17244681834278
7.7025561132685825
8.30325712085294
5.424950017481403
1.9459101490553132
7.168579897264035
7.424165281042028
7.236339342754344
5.755742213586912
7.002155954403621
7.99598047476376
7.422373700986824
4.382026634673881
7.993282328101591
7.011213987350367
7.204892510204673
8.312871394342615
6.280395838960195
7.143617602704121
7.387090235656757
7.81237820598861
5.332718793265369
7.293697720601438
8.3030093814735
7.560080465021827
7.809135398120538
6.324358962381311
8.033334015880062
7.258412150595307
6.637258031284457
8.222285073872717
8.119398589612294
8.150467911624004
5.831882477283517
7.545389749611823
6.566672429803241
7.629975707027789
7.400009517162692
7.57353126274595
8.050065422915965
7.995643604287271
6.616065185132817
8.24380842366528
7.162397497355718
6.551080335043404
7.731053144007127
7.321849713788356
8.07961802938984
6.878326468291325
7.569927655242652
3.8918202981106265
6.324358962381311
7.22402480828583
7.881559917056899
8.259458195332408
5.198497031265826
7.968665700466235
8.260234291607297
6.80128303447162
5.293304824724492
6.675823221634848
8.03947991910045
7.811163385025279
8.117908942383155
6.492239835020471
8.011355109161286
8.016977746762262
7.620214770574455
8.200013648175434
8.049107721326406
8.26796230533871
7.580189417944541
6.3473892096560105
8.209308411646937
7.877397186353287
7.86940171257709
6.541029999189903
7.160845906664299
1.9459101490553132
2.9444389791664403
7.289610521451167
7.813995675002791
7.907651594711089
7.961370201719511
8.029107054619736
6.025865973825314
8.269500767180615
7.547501682814967
7.368339686311381
7.983781068977451
5.298317366548036
7.611347717403621
6.257667587882639
5.683579767338681
7.897296472595885
8.242229891372231
6.588926477533519
7.776954403322442
8.298041661371565
6.976348070447749
7.409741954080923
8.257644958208228
7.635303886259415
8.29054350077274
7.280697195384741
8.020927718981577
7.723120092266331
8.013343181386672
6.721425700790643
7.183870715062453
6.448889394146858
8.136518252115291
7.68017564043659
7.687080155783135
7.360103972989152
8.14902386805177
6.492239835020471
8.144098463338524
6.639875833826536
7.982416346827733
7.576097340623111
7.837554360881084
7.681099001536359
8.257904193465674
7.708859601047175
8.181160858023409
7.715569534520208
7.7354333524996886
8.24800570160062
6.7650389767805414
7.471932078245122
8.213110697596676
7.598399329323964
8.172729104865471
7.246368080102461
8.050065422915965
8.234830280442056
8.311398278436641
7.273786317844895
7.7823903355874595
4.8283137373023015
8.117908942383155
7.354362330421477
8.303504798872783
8.299285906897275
8.141189793457691
8.216898580913613
7.629975707027789
7.791109510610028
6.415096959171596
7.916078096302786
6.236369590203704
7.469654172932128
4.867534450455582
8.250097752572845
7.580699752224563
8.045267716607803
5.111987788356544
8.210668031162976
6.154858094016418
7.998671361015776
4.330733340286331
7.362010551259734
6.872128101338986
7.332369205929062
7.401231264413015
8.196987927258897
8.173575486634153
7.519692404116539
7.902117546276448
7.430114138561801
7.879669914604289
7.7142311448490855
7.946617563244473
8.098642843759418
4.30406509320417
8.07961802938984
7.841492924460013
7.4645098346365275
6.940222469119639
5.783825182329737
6.934397209928558
2.0794415416798357
8.081475040137052
7.597897950521784
8.057694194815587
7.6487397889562425
7.387090235656757
8.17695386822578
6.688354713946762
6.790097235513905
6.910750787961936
6.785587645007929
7.460490305825338
5.717027701406222
8.165932137321585
6.927557906278317
7.820037989458753
8.241966560231802
8.069655306886165
8.0861025356691
8.14060704285845
7.510977752014095
7.762596048540069
5.0238805208462765
7.724004656676065
7.963807953231451
7.583756300707112
7.384610383176974
7.845416036592485
7.874739125171811
6.920671504248683
8.120886021092838
7.355641102974253
7.492760300922379
7.02197642307216
8.168486417126681
7.881182202227102
7.32052696227274
6.911747300251674
7.652070746116482
8.21716859576607
7.579678823090456
7.612336837167746
7.645875825184813
7.679251425953058
8.257904193465674
6.8501261661455
7.589335823170617
6.937314081223682
8.027150106832774
7.666690200080086
7.229113877793302
6.040254711277414
8.015987811027237
6.974478911025045
7.848153086199526
7.97728198675515
6.8001700683022
7.958576903813898
7.410347097821024
4.844187086458591
7.436617265234227
6.040254711277414
7.827639546366422
7.273092595999522
6.60934924316738
7.758760544157663
7.045776576879511
7.1853870155804165
6.3835066348840055
7.613324979540639
6.327936783729195
0.0
5.393627546352362
8.155362120328135
8.068402958569699
7.935229539816907
8.149890544402423
8.296795865770052
7.447751280047908
4.948759890378168
7.987524479848767
6.396929655216146
8.253748343328501
7.538494999413465
7.38770923908104
7.956827122090111
7.4342573821331355
7.578145472419466
7.881182202227102
7.971085753505607
6.270988431858299
7.515889085215125
7.831220214604293
6.878326468291325
6.163314804034641
5.916202062607435
7.409136443920128
8.143226750367445
7.461065514354283
8.295548516225763
8.287025025165063
6.8658910748834385
6.342121418721152
7.672292455628756
7.613324979540639
7.940939762327791
8.157657015196472
7.60887062919126
7.907651594711089
8.226038429485484
6.884486652042782
5.831882477283517
8.174984532943087
7.147559271189454
8.302513718514158
7.228388451573604
6.2166061010848646
6.580639137284949
8.108623268354595
7.25063551189868
8.113726085970747
8.12355783506165
7.348587530927593
7.720905251936779
7.848933726364071
6.570882962339584
7.501634457883413
7.940583827104244
7.599901959208498
7.397561535524052
8.017307507688582
7.00033446027523
6.754604099487962
7.607381425639791
7.620214770574455
8.059908334578276
7.893198869544609
7.792761720816526
7.221105098182496
8.023552392404348
8.111928063310739
6.86171134048073
7.366445148327599
6.51471269087253
8.231908243564177
7.238496840894365
5.846438775057725
6.354370040797351
5.602118820879701
7.202661196523238
7.735870319952567
7.692569648067906
5.886104031450156
7.31455283232408
3.871201010907891
8.223090551161533
8.317277766221235
7.113956109566034
7.715123603632105
7.423568444259167
8.315321775377567
7.630946580890459
6.282266746896006
5.840641657373398
7.60688453121963
7.832014180505469
7.190676034332207
8.275121630216509
7.907651594711089
7.814803429489359
7.984462732262196
8.044305406990638
6.6052979209482015
7.5443321080536885
5.54907608489522
6.375024819828097
7.141245122350491
7.202661196523238
8.191740021277457
8.15708378502887
6.47543271670409
7.595889917718538
8.254528881939745
7.424761761823209
7.492203042618741
4.5217885770490405
8.012018239159062
7.6236419465115715
8.067149039910106
7.765993079407675
8.263848131368906
6.834108738813838
8.166784289056151
7.366445148327599
4.553876891600541
7.836764783264067
7.661527081358517
6.910750787961936
8.159946655578548
8.30622521603216
6.949856455000773
7.224753405767971
8.314832179284556
7.920083199053234
8.268475388982598
7.7488913372555315
7.068172000388042
6.57507584059962
7.926241523170962
8.026170194946426
7.635786861395585
6.57507584059962
7.65491704784832
8.192570471152173
7.934513463882263
6.852242569051878
6.336825731146441
7.274479558773871
7.921898411023797
7.331714969726466
8.293299358711323
7.975908360165538
6.927557906278317
7.1284959456800365
7.036148493750536
5.605802066295998
7.186144304522325
6.8308742346461795
6.546785410760524
7.302496423727326
7.37650812632622
8.159660737063376
8.242493153187626
7.588829878307813
7.113142108707088
6.249975242259483
8.177234885510194
8.09712193091871
4.356708826689592
6.366470447731438
7.166265974133638
5.802118375377063
6.398594934535208
8.021584533455107
7.311218384419629
6.602587892189336
5.521460917862246
8.098338846189057
7.697575346802343
8.262042843966942
6.4967749901858625
4.276666119016055
7.9854843567338225
7.074963197966044
8.3133619511344
8.31238059678675
8.17188200612782
7.470793774195062
8.0106915391303
7.792348924113037
7.356279876550748
8.23880116587155
7.931644021454311
6.282266746896006
7.559038255443384
6.926577033222725
2.1972245773362196
8.233503140233994
7.358830898342354
8.034631032923107
8.162516250140179
8.12355783506165
6.159095388491933
8.294549515143679
6.97354301952014
8.177234885510194
4.007333185232471
8.134174272137903
7.9355873855892
7.551186867296149
7.504942068396171
7.987184748233473
7.207118856207756
8.195885391314796
7.70210434005105
7.284134806195205
7.213768308118642
8.114623886420098
7.620705086838262
5.733341276897746
8.297045149081827
7.946617563244473
7.175489713624222
7.769378609513984
6.8679744089702925
5.978885764901122
7.160845906664299
6.406879986069314
8.17188200612782
5.267858159063328
6.8308742346461795
5.8664680569332965
8.08271113423758
7.130098510125578
7.532623618788788
7.449498005382849
8.214735833382303
7.25063551189868
7.234898420314831
8.066835314417336
7.5406215286571525
8.266935347610456
7.79770203551669
8.161660452056282
8.220133957151859
7.804659297056102
7.284134806195205
8.277666160851503
8.299534570332597
8.234299635696253
7.406103381237015
7.504391559161238
7.315883504509785
5.442417710521793
7.199678345691172
8.275885669474356
5.953243334287785
8.276903481267057
6.996681488176539
7.969011781106478
7.905810312658931
7.9483852851118995
8.196436811235028
7.6362696033793735
7.688455356549944
6.259581464064923
7.796057974316123
7.4489161025442
7.943427767876373
8.09132127353041
7.210079628170788
8.284756593190435
7.07326971745971
7.830822995135316
8.010359588919783
8.207946941048617
8.101071503119543
7.221835825288449
7.754481547470383
6.45833828334479
5.278114659230517
7.709756864454165
8.259199362666282
7.951207156472972
7.016609683894219
8.155936337972394
6.556778356158042
5.652489180268651
7.679713639966372
7.965198290612176
5.3230099791384085
7.732369222284388
8.127109185346375
7.8434564043761155
7.619233416226805
7.4570320891223805
8.220941168281389
7.922623574217286
3.258096538021482
7.996317231796746
8.199189359078067
5.993961427306569
6.461468176353717
6.799055862058796
8.215817791832453
7.656810091480378
8.080546965824498
7.556427969440253
8.254268770090183
8.18757739559151
8.169336395928386
8.268731832117737
6.19644412779452
8.274357006756292
7.9017475185201445
8.176110342237342
8.289037098278483
6.825460036255307
5.60947179518496
6.892641641172089
6.616065185132817
4.997212273764115
6.80128303447162
7.489970898834801
7.7752758464868625
7.6953031349635665
7.8724551500639794
8.126813720726114
8.105911197986508
7.083387847625295
6.80128303447162
5.402677381872279
6.406879986069314
7.143617602704121
6.9985096422506015
8.223090551161533
7.487173694213739
8.1797604936999
7.847371836159788
6.4692503167957724
8.105005537547246
8.167919362957816
6.298949246855942
8.007700012884026
6.741700694652055
7.3752557780097545
2.9444389791664403
8.11969625295725
7.321849713788356
7.608374474380783
8.295548516225763
6.569481420414296
6.502790045915623
8.285261134068948
8.231908243564177
7.751045117971802
5.942799375126701
8.110727582974489
7.721348612617949
8.168202930236053
6.831953565565855
7.898411092811599
7.805882040228621
7.244941546337007
7.223295679562314
7.955425088912672
5.0369526024136295
8.315077007294104
6.456769655572163
7.302496423727326
8.2409125416889
5.087596335232384
7.229113877793302
7.913521017283895
6.0014148779611505
7.851271997109883
8.29853954537488
7.522400231387125
7.1693500166706
7.424165281042028
5.976350909297934
7.796469243086058
7.993282328101591
7.755767170102998
7.7488913372555315
7.599901959208498
8.293799608846818
8.251403065380556
6.16541785423142
6.699500340161678
6.870053411798126
7.8343923029104365
8.137103389639302
8.190354403763262
7.8434564043761155
7.64826303090192
4.290459441148391
7.050989447068045
7.494430215031565
8.182559264068665
8.21959545417708
8.117908942383155
7.892078421248119
7.2196420401307355
7.528869256642251
7.664815785285735
5.4638318050256105
7.213031659834869
8.14351740579748
7.706162970199576
7.649216319820633
7.557994958530806
7.608374474380783
7.328437352895162
7.261225091971921
8.134760782418645
8.262300941787448
8.166500319155052
8.176110342237342
8.28828304520769
7.884952945759814
8.23217423638394
2.8903717578961645
7.839525581704678
7.892452043520352
8.139440521874608
6.148468295917647
6.984716320118266
5.7430031878094825
7.528331766707247
6.934397209928558
7.721791776817535
8.010027528481734
8.035602692918582
7.81923445385907
7.984803389734406
8.261009786023827
6.900730664045173
7.146772179452637
8.211754397375197
7.0630481633881725
8.027476530860483
8.316055720364643
5.056245805348308
8.279443487712665
6.329720905522696
7.091742115095153
7.29776828253138
6.828712071641684
4.912654885736052
2.70805020110221
6.12029741895095
5.8888779583328805
7.977968093128549
8.224967478914584
7.691656822810547
7.00669522683704
6.93537044601511
8.282988692742602
7.356279876550748
8.248529124800218
6.244166900663736
7.132497551660044
7.932721027481948
6.75110146893676
7.00850518208228
7.7886260656250315
8.067462667010057
5.099866427824199
6.670766320845874
8.017966703493599
8.299783171949787
6.161207321695077
7.99260665240021
7.151485463904735
7.347943823148687
6.803505257608338
5.1298987149230735
8.151044945685024
8.231642179973411
7.716460800176355
7.908754738783246
8.189522110748094
8.054840221101024
7.382746449738912
7.103322062526113
7.808729306744399
7.757478766584179
6.253828811575473
3.871201010907891
8.115819701211327
5.605802066295998
8.236950048061455
8.257644958208228
7.005789019253503
8.213110697596676
8.239329427901795
8.121480374750751
7.894690850425624
6.180016653652572
7.00850518208228
8.187855443695623
5.53338948872752
4.653960350157523
8.256347772918016
5.541263545158426
8.295049140435111
6.88653164253051
8.209852481301272
8.028781162487148
7.3310603052186325
7.783640596221253
7.756623334538858
6.9363427358340495
7.756195343948118
6.651571873589727
8.024207485778577
8.035602692918582
5.655991810819852
6.003887067106539
7.3632795869630385
6.826545223556594
6.787844982309579
8.062432791583195
7.049254841255837
5.111987788356544
7.532088143541722
4.454347296253507
7.978996370854115
7.261927092702751
8.292298107063221
7.784889295655098
5.634789603169249
8.021584533455107
6.774223886357614
8.242229891372231
7.632885505395133
7.912789220690681
5.945420608606575
8.215006432761575
5.272999558563747
8.224431573221159
8.14351740579748
8.100161446936607
7.95892649305011
8.192847134592865
5.662960480135946
7.96346006663897
6.826545223556594
7.249215057114389
8.137980454452139
8.287528423111763
8.144388865547622
7.640123172695364
8.034631032923107
5.958424693029782
7.024649030453636
8.17103418920548
6.598509028614515
7.692569648067906
4.727387818712341
6.9874902470009905
8.072779333169498
6.594413459749778
7.856319571406588
7.862497197230545
7.471363088187097
7.884952945759814
7.218176838403408
7.789040401657477
6.295266001439646
7.6324011266014535
4.0943445622221
8.251924713801357
6.208590026096629
8.299783171949787
8.045267716607803
6.021023349349527
8.300031711779575
8.17695386822578
8.293049139768444
6.897704943128636
4.30406509320417
5.2574953720277815
7.44600149832412
4.290459441148391
7.902117546276448
6.253828811575473
8.261009786023827
7.660585461703256
6.336825731146441
8.285008895449879
4.919980925828125
8.118207049405783
8.241966560231802
5.472270673671475
7.6708948313621175
7.489412083508719
7.529406457837013
7.063903961472068
6.672032945461067
8.180320874773685
7.5688956634069955
6.126869184114185
6.656726524178391
7.753194269884341
7.787382026484701
6.714170529909472
7.8582541821860294
7.336936913707618
5.43372200355424
4.700480365792417
7.362645270417825
7.974188669286011
8.130353547431238
7.491087593534876
7.99598047476376
7.994632311431825
7.374629015218945
8.20631072579402
8.31238059678675
6.650279048587422
7.22983877815125
7.722234744709607
8.188966863648876
7.151485463904735
7.6638772587034705
6.893656354602635
7.731492029245684
7.384610383176974
7.483806687665835
5.945420608606575
8.175829008714597
8.180320874773685
6.408528791059498
5.817111159963204
6.376726947898627
8.043020885298283
7.59488438721652
7.616775808698373
7.049254841255837
7.949797216161852
5.645446897643238
7.993957547573565
8.050065422915965
6.601230118728877
8.29054350077274
8.25582842728183
6.565264970035361
7.434847875211999
7.910957382845589
6.99117688712121
7.0967213784947605
6.0112671744041615
5.159055299214529
8.013343181386672
7.9105906122564775
7.926602599181384
6.61338421837956
7.4318919168078
7.388327859577107
7.797291273547472
8.269244521183056
8.289539484624141
8.031710375322042
7.768956044538332
7.1770187659099
6.606650186198215
7.865955413933502
7.258412150595307
7.792761720816526
6.802394763324311
8.074337694089515
8.039157390473237
7.741967899820685
7.715123603632105
4.990432586778736
8.065893546964274
7.534762657037537
6.659293919683638
6.551080335043404
8.252706676567644
7.632885505395133
8.212568398234145
7.6708948313621175
7.682943169878292
7.028201432058005
5.081404364984463
7.813591552952433
8.24354550792826
7.3632795869630385
7.388946097618437
7.4949862339505335
6.3835066348840055
8.012680929706839
8.220941168281389
8.039802343736485
7.427738840532894
8.289790583181643
8.293799608846818
3.784189633918261
4.736198448394496
7.912423121473705
8.304494897963567
8.038189179973203
7.138073034044347
8.231109840328154
8.161375023197486
8.227909837597483
8.043342170441608
7.15305163493748
4.465908118654584
8.183397369998433
6.675823221634848
7.971085753505607
7.9817332866918855
7.48324441607385
7.344072850573066
7.224753405767971
7.9676267393338165
8.173857454773621
8.290041618704489
7.387090235656757
8.04012466444838
7.519692404116539
7.639161171659173
7.667158255319148
8.176391596633795
5.231108616854587
4.02535169073515
7.223295679562314
2.302585092994046
7.538494999413465
6.352629396319567
6.621405651764134
7.966239776559467
8.015987811027237
5.204006687076795
7.057897937411856
8.201934351194222
6.059123195581797
7.367077059881012
7.993957547573565
7.671360923190644
3.8066624897703196
7.274479558773871
7.210079628170788
7.313220387090301
6.928537818164665
8.062747901086354
8.170468578330674
7.993282328101591
7.847762537473608
7.029972911706386
7.135687347028144
5.666426688112432
7.475905969367397
7.6676260915849905
7.757478766584179
7.902117546276448
5.560681631015528
7.687997166393016
7.660585461703256
6.651571873589727
7.919719760924575
8.014004994779459
8.146419323098003
6.579251212010101
4.6913478822291435
7.918992488165245
8.162801353492073
8.0925452638913
8.314587291319576
7.976938756959434
5.697093486505405
7.1808311990445555
6.999422467507961
8.110727582974489
7.846589975291186
6.956545443151569
7.945909598613133
6.946975992135418
8.253748343328501
7.907283609426348
8.080237416216702
8.216088098632316
7.940939762327791
7.1284959456800365
6.980075940561763
7.804659297056102
7.305188215393037
6.885509670034818
7.4133673356952405
8.192847134592865
8.19229373114764
5.560681631015528
7.311886164077165
7.5678626054638825
7.340835554123275
8.096817470572319
7.4645098346365275
7.720017940432244
8.313116702819253
4.962844630259907
7.311218384419629
8.09925056179696
7.370230641807081
7.706612913964197
8.022240916806537
7.413970290190444
8.262300941787448
7.727535110475448
6.2324480165505225
8.281977058867758
7.973844375944687
8.149601735736155
8.237479288613633
7.443663683115591
7.108244139731541
8.185071477532283
7.794823152179389
7.788211557847076
8.249052274171293
8.297543529356284
8.30325712085294
7.629975707027789
7.8383433155571165
6.807934943699926
6.654152520183219
8.056426767522984
6.315358001522335
8.150756470275551
7.562681246721884
7.562161631225652
7.956827122090111
7.918992488165245
7.762170607138205
8.20685642839965
7.968319500012717
3.9889840465642745
8.292298107063221
7.195937226475569
6.380122536899765
8.015987811027237
7.286191714702382
7.502186486602924
5.53338948872752
7.2399325913204695
8.175829008714597
6.3473892096560105
7.502186486602924
8.134174272137903
7.587310506022615
8.133587417660966
7.349230824613334
7.408530566894626
4.962844630259907
6.0330862217988015
5.594711379601839
7.747164966520335
7.640603826393634
8.112527763478637
8.274611946209552
8.08825472712243
7.742402021815782
4.736198448394496
8.225770799348734
5.910796644040527
8.069968149059841
8.265135629937385
8.144098463338524
6.364750756851911
4.110873864173311
7.1569563646156364
8.231109840328154
6.519147287940395
7.690743163541872
7.462214939768189
8.121480374750751
7.138073034044347
7.708410667257367
7.033506484287697
7.349873704738337
7.945909598613133
7.10002716662926
8.184513753033722
4.574710978503383
8.160803920954665
7.4073177104694174
8.199738960630786
6.859614903654202
8.115819701211327
7.750614732770409
8.127995055771946
8.133293861222633
7.094234845924755
7.756195343948118
6.2285110035911835
6.7650389767805414
7.774435510302958
7.892078421248119
6.4692503167957724
5.68697535633982
4.532599493153256
5.963579343618446
7.7437032581737535
7.87777633327726
6.35088571671474
7.948031990637284
6.824373670043086
8.307459327011946
6.472346294500901
7.522400231387125
7.427738840532894
7.299797366758161
7.4133673356952405
7.301147805856032
7.334981878871814
8.014666370464942
7.888709524182015
7.937731775260109
8.086410275323782
5.5093883366279774
8.08886878916199
7.693025748417888
6.42648845745769
8.133880887949207
6.542471960506805
7.278628942320682
5.645446897643238
7.111512116496157
7.192182058713246
5.831882477283517
8.17526610411206
6.848005274576363
6.889591308354466
7.2399325913204695
8.188133414510478
6.645090969505644
4.709530201312334
7.440733707389261
6.385194398997726
7.655864017616056
5.429345628954441
7.293697720601438
8.153061946801051
8.031385330625534
2.0794415416798357
8.178077463849608
7.907283609426348
8.245909264774093
6.555356891810665
7.902857191280582
6.577861357721047
8.206583614320753
8.281470857895167
8.242229891372231
7.855932199718614
8.158802490694002
4.7535901911063645
8.017307507688582
8.103191752285786
8.182279739259018
7.0317412587631285
7.4127640174265625
7.462214939768189
7.961370201719511
8.190908881182514
5.459585514144159
7.738923757439457
6.54965074223381
8.177515823846075
6.440946540632921
7.528869256642251
6.0844994130751715
6.915723448631314
7.940939762327791
7.234177179749849
8.029758520440822
7.227662498728654
7.688913336864796
7.638679823876112
7.939871576361883
7.440146680662688
7.732807530422021
7.667158255319148
7.945201132412759
8.0323601479245
8.214194414852564
8.091933455979893
7.835579246669965
8.259716961021523
7.493317248862145
8.027150106832774
7.220373836723949
7.503289630675082
7.836369760545124
7.529406457837013
8.139148678884066
6.962243464266207
5.877735781779639
7.697575346802343
6.81783057145415
4.663439094112067
7.8504931808711405
7.418180822726788
7.754481547470383
7.988882253309227
5.707110264748875
7.888709524182015
6.776506992372183
7.635303886259415
7.628031126930335
7.6708948313621175
7.759187438507795
7.649216319820633
7.831617276352611
7.855544677915663
7.45876269238096
6.335054251498059
8.259458195332408
7.290292882446597
7.575071699507561
7.989221408815276
7.383989457978509
7.9854843567338225
8.142936010432265
5.356586274672012
6.180016653652572
5.424950017481403
7.050122520269059
8.134467570277563
7.994632311431825
6.859614903654202
7.968319500012717
7.224753405767971
8.212839584676484
8.11162807830774
6.635946555686647
7.969357742016346
7.8868329989550565
7.661527081358517
5.707110264748875
7.416979621381154
4.736198448394496
8.07775756373692
7.819636302367592
7.945909598613133
7.588829878307813
8.073714641109857
6.9440872082295275
3.8501476017100584
7.450079569807499
7.5652752818989315
7.60339933974067
6.899723107284872
5.834810737062605
7.656810091480378
6.769641976852503
6.169610732491456
7.461640392208575
7.473069088032197
7.9617188159813645
8.158516244806831
7.9617188159813645
7.911690520708339
7.401231264413015
7.089243155027514
7.738923757439457
7.913521017283895
7.8567067930958405
7.624130585661289
7.59337419312129
7.499423290592229
8.151333337900432
8.249836485425702
7.369600720526409
6.028278520230698
8.193676665955241
6.694562058521095
8.234564993267135
7.4342573821331355
8.182838710766026
8.0925452638913
7.663407664893479
7.242797922793756
7.110696122978827
7.411556287811163
6.9782137426306985
7.802618063442671
6.648984550024776
8.211211361793023
7.446585099157725
7.484368643286131
7.458186157340487
6.668228248417403
8.017966703493599
7.1204443723924875
7.932362154339751
8.031060180240619
7.685243607975833
7.165493475060845
8.229777750081887
6.208590026096629
8.011686729127847
8.161089512845797
8.034306936339489
7.201916317531627
7.727535110475448
7.533158807455563
7.261927092702751
7.951559331155252
7.193685818395112
8.026170194946426
7.827240901752812
8.162516250140179
5.638354669333745
7.81035268372429
7.034387929915503
6.212606095751519
7.859413154693583
7.269616749608169
7.655864017616056
8.043342170441608
7.7702232041587855
7.7354333524996886
7.618742377670413
8.210939733379021
6.5998704992128365
6.259581464064923
7.884199933676039
7.8674885686991285
4.276666119016055
7.941295570906532
8.185350223178686
7.130098510125578
8.308199063206446
6.520621127558696
8.239593454305968
6.467698726104354
6.267200548541362
6.434546518787453
6.950814768442584
7.771488760117616
7.752764808851328
8.264620829411216
8.017637159908478
6.3578422665081
7.993957547573565
2.9444389791664403
7.555381944240273
8.242756345714477
8.290794347381356
7.635786861395585
7.409741954080923
8.225235324101668
7.99799931797973
8.12740456269308
7.8868329989550565
8.266678443305896
6.3784261836515865
7.572502985020384
8.026170194946426
6.679599185844383
5.755742213586912
5.537334267018537
7.941651252930556
7.187657164114956
7.074963197966044
6.364750756851911
6.771935555839602
7.541683099882111
4.418840607796598
6.07073772800249
8.052614818815567
8.09132127353041
7.890208213109961
6.898714534329988
7.646353722445999
7.874739125171811
5.272999558563747
8.21878715560148
8.101677747454572
7.881559917056899
