4.0943445622221
5.480638923341991
6.98933526597456
6.434546518787453
6.434546518787453
5.043425116919247
4.990432586778736
6.082218910376446
6.541029999189903
5.926926025970411
7.4109518755836366
7.282761179605593
5.3612921657094255
6.78897174299217
7.602401335665818
3.091042453358316
7.325807502595773
6.852242569051878
5.991464547107982
6.78332520060396
7.062191632286556
7.543802867501509
7.191429330036379
7.249925536717988
4.762173934797756
6.846943139585379
6.391917113392602
5.272999558563747
6.647688373563329
7.202661196523238
6.617402977974478
6.866933284461882
7.061334366910438
7.43543801981455
7.036148493750536
6.612041034833092
7.018401799069201
7.564757012905729
3.8066624897703196
6.55250788703459
4.7535901911063645
7.2485040723706105
7.52294091807237
7.317876198626496
6.666956792429207
6.680854678790215
7.113956109566034
7.31455283232408
7.306531398939505
7.539027055823995
7.569411792450712
7.3901814282264295
7.282073658093465
6.53813982376767
7.529406457837013
6.329720905522696
7.599401333415815
6.049733455231958
7.402451520818244
7.430114138561801
7.149916836132109
6.63200177739563
7.076653815443951
6.352629396319567
6.059123195581797
7.00397413672268
7.550661243105336
7.237059026124737
7.438383530044307
5.786897381366708
7.38770923908104
5.0106352940962555
6.705639094860003
5.924255797414532
6.263398262591624
4.248495242049359
7.431299675155903
6.45833828334479
7.07326971745971
7.553286605600419
6.710523109452428
7.583756300707112
7.52294091807237
6.945051063725834
7.6004023345004
6.095824562432225
7.122059881629142
6.428105272684596
7.036148493750536
7.24422751560335
6.059123195581797
7.325807502595773
7.615298339825815
5.209486152841421
6.0867747269123065
7.490529402060711
7.0192966537150445
6.345636360828596
6.688354713946762
4.948759890378168
3.4657359027997265
7.035268599281097
5.869296913133774
6.234410725718371
3.044522437723423
7.621684998724611
5.241747015059643
6.754604099487962
5.14166355650266
5.771441123130016
3.9318256327243257
6.230481447578482
7.547501682814967
6.99117688712121
6.282266746896006
7.527793987721444
6.99117688712121
5.3230099791384085
5.68697535633982
6.56244409369372
6.645090969505644
7.087573705557973
6.542471960506805
7.565793282428515
6.8501261661455
6.704414354964107
7.086737934510577
6.447305862541213
7.520234556474628
7.2078598714324755
6.776506992372183
7.301822342137932
6.56244409369372
6.576469569048224
7.15305163493748
7.52294091807237
6.320768294250582
6.621405651764134
6.161207321695077
7.3427791893318455
6.598509028614515
7.546974117516527
6.831953565565855
6.823286122355687
5.908082938168931
7.112327444710911
7.437206366871292
6.543911845564792
5.365976015021851
6.07073772800249
7.3914152346753585
4.605170185988092
4.812184355372417
6.263398262591624
1.791759469228055
5.081404364984463
7.615791072035833
7.024649030453636
6.643789733147672
7.109062135687172
7.57353126274595
4.653960350157523
7.257707677160043
4.48863636973214
7.116394144093465
6.583409222158765
5.4680601411351315
3.6109179126442243
5.272999558563747
5.4680601411351315
6.573680166960646
7.2254814727822945
5.209486152841421
7.540090320145325
6.877296071497429
7.336936913707618
7.337587743538596
7.315883504509785
6.70196036600254
6.728628613084702
7.385851078125209
7.252762418053187
3.5553480614894135
5.971261839790462
6.925595197110468
7.064759027791802
7.357556200910353
7.382124365737512
7.554858521040676
7.055312843339752
6.726233402358747
7.224753405767971
6.054439346269371
5.863631175598097
6.821107472256465
7.52456122628536
7.213031659834869
7.466799475018602
5.111987788356544
6.9726062513017535
7.269616749608169
6.573680166960646
6.610696044717759
6.507277712385012
6.0330862217988015
6.529418838262226
7.289610521451167
3.6109179126442243
4.060443010546419
6.476972362889683
6.608000625296087
7.516977224604321
6.895682697747868
7.374629015218945
5.733341276897746
6.208590026096629
6.386879319362645
4.969813299576001
5.111987788356544
6.725033642166843
6.129050210060545
7.570443252057374
7.428927194802272
6.785587645007929
7.469083884921234
7.040536390215956
6.926577033222725
7.469654172932128
7.600902459542082
7.32052696227274
7.541683099882111
3.58351893845611
7.473069088032197
7.223295679562314
6.826545223556594
7.303843225277705
6.683360945766275
7.25063551189868
6.760414691083428
6.508769136971682
7.516433302915632
7.526178913346146
5.356586274672012
7.47477218239787
6.96979066990159
6.889591308354466
7.473069088032197
7.518607216815252
7.543802867501509
7.489970898834801
6.47543271670409
6.99117688712121
7.491087593534876
6.804614520062624
6.093569770045136
6.810142450115136
6.759255270663693
6.7912214627261855
5.627621113690637
7.316548177182976
6.806829360392176
6.403574197934815
7.066466970136958
7.357556200910353
5.389071729816501
6.731018100482083
5.988961416889864
5.062595033026967
7.532088143541722
7.066466970136958
6.19644412779452
6.666956792429207
6.98100574072173
6.180016653652572
7.144407180321139
6.680854678790215
7.550661243105336
5.736572297479192
7.564238475170491
5.484796933490655
5.726847747587197
7.478169694159785
5.71042701737487
7.412160334945205
6.154858094016418
6.714170529909472
6.093569770045136
7.2813856635702825
7.400009517162692
6.897704943128636
7.0925737159746784
6.056784013228625
5.988961416889864
6.208590026096629
7.193685818395112
6.666956792429207
6.80128303447162
6.672032945461067
6.610696044717759
7.293017679772782
6.828712071641684
6.20455776256869
7.278628942320682
6.4457198193855785
7.333676395657684
6.633318433280377
7.522400231387125
7.04141166379481
7.489412083508719
7.071573364211532
7.553810852008231
5.564520407322694
5.455321115357702
7.170888478512505
7.444248649496705
7.094234845924755
6.976348070447749
6.20050917404269
7.618251097876695
5.236441962829949
5.568344503761097
7.624130585661289
6.8501261661455
7.336936913707618
7.422373700986824
6.831953565565855
7.1891677384203225
7.402451520818244
7.5953872788539725
7.231287004327616
7.408530566894626
5.049856007249537
6.919683849847411
7.002155954403621
7.547501682814967
6.373319789577012
7.0326242610280065
6.928537818164665
7.1049654482698426
4.532599493153256
7.3310603052186325
7.5953872788539725
4.127134385045092
7.562681246721884
7.2399325913204695
7.290292882446597
7.500529485395295
7.453561871643373
6.075346031088684
6.8001700683022
6.1224928095143865
7.423568444259167
3.091042453358316
7.56734567601324
7.2682230211595655
6.985641817639208
6.803505257608338
7.504942068396171
7.280697195384741
7.5678626054638825
5.017279836814924
7.522400231387125
7.617759576608505
5.961005339623274
7.3310603052186325
7.16703787691222
7.543802867501509
7.086737934510577
5.823045895483019
7.480428306074208
6.616065185132817
7.550135342488429
6.748759547491679
6.882437470997847
7.45182223652793
7.45182223652793
6.921658184151129
7.039660349862076
7.069023426578259
7.522400231387125
7.121252453244542
7.2078598714324755
7.60339933974067
7.144407180321139
7.076653815443951
6.695798917058491
7.016609683894219
7.313220387090301
6.324358962381311
6.19644412779452
6.8658910748834385
7.218176838403408
6.893656354602635
7.044032897274685
7.233455418621439
6.329720905522696
5.111987788356544
5.564520407322694
6.066108090103747
6.756932389247553
6.1092475827643655
6.612041034833092
7.05444965813294
5.768320995793772
5.75890177387728
7.075808863978387
6.784457062637643
6.638567789166521
6.3080984415095305
7.393263094763838
7.4949862339505335
6.903747257584598
6.2766434893416445
6.792344427470809
5.117993812416755
7.59488438721652
7.528331766707247
7.504942068396171
7.613818684808629
7.425357887027151
4.060443010546419
7.3833681469923835
6.825460036255307
6.71295620067707
7.489412083508719
7.4377951216719325
5.8888779583328805
7.453561871643373
7.00033446027523
7.577633832602728
4.343805421853684
6.040254711277414
7.016609683894219
6.255750041753367
7.1631723908466425
5.998936561946683
7.265429723253953
7.6246189861593985
6.045005314036012
6.436150368369428
7.371489295214277
6.320768294250582
6.253828811575473
6.990256500493881
7.246368080102461
7.561121589530238
6.6293632534374485
7.579167967396076
6.380122536899765
5.739792912179234
6.2422232654551655
5.937536205082426
7.362645270417825
7.559038255443384
7.00850518208228
5.075173815233827
6.769641976852503
6.814542897259958
7.409741954080923
7.493873886783559
7.43307534889858
7.167809184316444
7.430114138561801
7.1846291527173145
4.1588830833596715
7.01571242048723
7.311886164077165
6.602587892189336
7.6128310304073565
7.037027614686276
5.2832037287379885
5.225746673713202
5.2574953720277815
6.5722825426940075
7.415776975415394
6.501289670540389
7.417580402414544
6.516193076042964
6.784457062637643
6.156978985585555
7.4318919168078
7.3310603052186325
7.32052696227274
7.354362330421477
7.205635176410364
2.0794415416798357
3.8501476017100584
7.338888133838879
7.445417556701687
4.718498871295094
7.5406215286571525
7.02197642307216
7.526178913346146
6.57507584059962
6.395261598115449
6.030685260261263
5.4116460518550396
6.92461239604856
5.942799375126701
6.408528791059498
4.90527477843843
6.821107472256465
7.0630481633881725
6.478509642208569
7.00397413672268
7.587310506022615
6.628041376179533
6.823286122355687
7.351799869057777
5.998936561946683
6.29156913955832
7.134093721192866
7.52456122628536
5.10594547390058
3.828641396489095
4.68213122712422
5.493061443340548
7.223295679562314
7.246368080102461
6.898714534329988
6.505784060128229
7.141245122350491
5.1647859739235145
7.606387389772652
4.890349128221754
6.628041376179533
7.396335293800808
6.794586580876499
6.470799503782602
7.399398083331354
5.5134287461649825
5.8805329864007
7.153833801578843
6.98933526597456
7.5766097669730375
7.1808311990445555
7.452402451223638
7.592366128519796
7.496097345175956
7.624130585661289
6.670766320845874
7.055312843339752
6.655440350367647
7.3727463664043285
7.623153068476902
6.548219102762372
6.483107351457199
4.875197323201151
7.531552381407289
7.213768308118642
6.892641641172089
7.5883236773352225
5.43372200355424
6.4425401664681985
7.516433302915632
7.102499355774649
4.584967478670572
6.345636360828596
6.502790045915623
7.237778191923443
6.848005274576363
7.47477218239787
7.507141079727608
4.07753744390572
7.305860032684009
3.9512437185814275
7.061334366910438
7.277938572945661
4.709530201312334
6.208590026096629
7.324489979348532
7.166265974133638
5.384495062789089
1.9459101490553132
7.469083884921234
7.061334366910438
6.470799503782602
7.403061091090091
7.590852123688581
7.266128779556451
7.132497551660044
5.697093486505405
6.324358962381311
6.6039438246004725
7.45298232946546
6.822197390620491
7.528331766707247
6.824373670043086
7.302496423727326
7.05444965813294
7.29776828253138
7.119635638017636
7.512071245835466
7.366445148327599
7.322510433997394
7.3864708488298945
5.8998973535824915
6.035481432524756
6.0014148779611505
7.051855622955894
7.195187320178709
4.897839799950911
6.891625897052253
7.5126175446745105
6.996681488176539
6.396929655216146
7.428927194802272
6.777646593635117
7.408530566894626
4.30406509320417
6.734591659972948
4.605170185988092
2.302585092994046
6.418364935936212
5.579729825986222
7.534228326274089
6.976348070447749
7.586803535162581
5.981414211254481
6.0014148779611505
7.3833681469923835
3.970291913552122
7.048386408721883
5.631211781821365
6.6293632534374485
6.688354713946762
6.20455776256869
6.883462586413092
4.859812404361672
6.953684210870537
6.558197802812269
4.875197323201151
6.652863029353347
6.297109319933935
6.501289670540389
6.60934924316738
6.616065185132817
6.023447592961033
7.506591780070841
6.769641976852503
2.772588722239781
6.975413927455952
5.986452005284438
5.552959584921617
7.508238774678663
7.162397497355718
7.262628600974241
7.362010551259734
6.710523109452428
7.44600149832412
4.5217885770490405
4.3694478524670215
7.600902459542082
6.940222469119639
6.285998094508865
6.20050917404269
2.1972245773362196
5.209486152841421
7.590346945602565
5.247024072160486
7.561121589530238
7.210079628170788
7.441906728051625
7.337587743538596
6.478509642208569
7.166265974133638
5.676753802268282
5.10594547390058
5.062595033026967
7.424761761823209
3.6109179126442243
6.739336627357174
6.2285110035911835
5.666426688112432
6.8308742346461795
6.961296045910167
7.3901814282264295
6.86484777797086
5.5909869805108565
7.022868086082641
6.507277712385012
5.4116460518550396
6.396929655216146
6.259581464064923
6.617402977974478
6.86484777797086
7.454141078146678
4.844187086458591
7.444833273892193
7.1569563646156364
7.5352967024440884
7.213768308118642
5.976350909297934
5.8888779583328805
6.054439346269371
7.315883504509785
7.221105098182496
5.389071729816501
6.3080984415095305
7.400009517162692
7.516977224604321
7.611347717403621
6.54965074223381
7.3901814282264295
7.239214973779806
4.9344739331306915
6.71901315438526
6.833031732786201
5.093750200806762
5.921578419643816
5.332718793265369
5.752572638825633
5.2574953720277815
7.501634457883413
7.346655163176539
7.3833681469923835
5.707110264748875
7.528869256642251
7.5310163320779155
7.557994958530806
6.884486652042782
7.252762418053187
6.049733455231958
7.5953872788539725
4.762173934797756
7.519692404116539
6.846943139585379
4.8283137373023015
7.343426229147367
6.169610732491456
7.275864600546533
6.954638864880987
7.05617528410041
6.444131256700441
6.726233402358747
6.672032945461067
7.244941546337007
7.050122520269059
6.6052979209482015
7.4413203897176174
2.8903717578961645
7.114769448366463
6.593044534142437
6.489204931325317
6.184148890937483
7.463363045520021
6.507277712385012
6.577861357721047
6.8966943316227125
5.1298987149230735
6.461468176353717
7.349873704738337
6.641182169740591
7.040536390215956
6.975413927455952
6.856461984594587
7.3833681469923835
7.5745584842024805
7.0431599159883405
4.795790545596741
7.355001921105257
6.668228248417403
6.066108090103747
7.398174092970465
6.648984550024776
6.156978985585555
6.663132695990803
7.5595594960077
5.332718793265369
5.755742213586912
7.300472814267799
7.170888478512505
5.783825182329737
5.6131281063880705
6.6039438246004725
6.70196036600254
7.425953657077541
7.446585099157725
5.849324779946859
7.170119543449628
7.489412083508719
7.075808863978387
7.620705086838262
6.152732694704104
5.746203190540153
6.763884908562435
7.392031567514591
7.440733707389261
6.905753276311464
7.177782416195197
6.472346294500901
5.950642552587727
7.254884810077338
6.257667587882639
7.338238150065589
6.8501261661455
2.3978952727983707
7.3098814858247865
7.244941546337007
7.275172319452771
7.427738840532894
7.284820912568604
6.918695219020472
6.376726947898627
7.382746449738912
5.43372200355424
6.910750787961936
7.484368643286131
7.24422751560335
7.484930283289661
7.05617528410041
2.833213344056216
7.059617628291383
6.082218910376446
7.026426808699636
6.792344427470809
7.061334366910438
7.463936604468925
7.190676034332207
7.360739903058278
5.552959584921617
7.458186157340487
4.574710978503383
7.47477218239787
3.7612001156935624
5.556828061699537
7.456454555176209
7.598399329323964
7.160069207596127
4.718498871295094
7.050122520269059
7.249215057114389
6.115892125483034
7.543802867501509
7.38770923908104
6.804614520062624
7.094234845924755
7.427738840532894
6.434546518787453
5.5053315359323625
7.229113877793302
6.300785794663244
7.4999765409521215
6.4692503167957724
6.951772164398911
6.340359303727752
7.566828479208331
6.499787040655854
7.04141166379481
7.507690077819904
5.545177444479562
6.703188113240863
5.869296913133774
6.580639137284949
7.057897937411856
7.362010551259734
7.156176637480615
6.70808408385307
6.363028103540465
6.100318952020064
7.424165281042028
4.912654885736052
5.488937726156687
7.570443252057374
7.5678626054638825
7.198931240688173
7.469083884921234
7.243512974665482
6.668228248417403
7.344072850573066
6.650279048587422
7.555905093611346
6.5337888379333435
6.1779441140506
5.805134968916488
5.996452088619021
6.473890696352274
7.084226422097916
7.577633832602728
6.983789965258135
7.487733761436444
6.467698726104354
5.472270673671475
7.507690077819904
6.77078942390898
7.151485463904735
7.613818684808629
5.934894195619588
6.674561391814426
7.516977224604321
7.29776828253138
3.970291913552122
7.310550158534422
7.206377291472252
6.289715570908998
7.051855622955894
6.9975959829819265
7.2868764117507
5.225746673713202
7.226209010100671
5.955837369464831
7.057897937411856
6.0014148779611505
6.156978985585555
7.095893221097532
6.9411900550683745
7.459914766241105
6.878326468291325
7.38770923908104
7.490529402060711
7.382124365737512
4.430816798843313
7.436617265234227
6.990256500493881
5.1298987149230735
7.323170717943469
6.900730664045173
7.048386408721883
7.45876269238096
7.344072850573066
4.31748811353631
6.796823718274855
7.20934025660291
4.060443010546419
4.976733742420574
7.342131730584722
5.545177444479562
7.241366283322318
6.725033642166843
6.951772164398911
7.055312843339752
5.963579343618446
6.07073772800249
6.161207321695077
7.16703787691222
7.013915474810528
7.480992162869525
6.858565034791365
5.66988092298052
5.147494476813453
6.870053411798126
4.653960350157523
6.650279048587422
6.3835066348840055
7.187657164114956
7.1252830915107115
6.966967138613983
6.150602768446279
6.679599185844383
7.277938572945661
4.174387269895637
6.380122536899765
7.3098814858247865
5.855071922202427
6.418364935936212
6.408528791059498
6.587550014824796
6.68586094706836
6.683360945766275
5.945420608606575
7.243512974665482
5.288267030694535
7.036148493750536
7.1770187659099
6.284134161070802
7.533158807455563
6.860663671448287
7.311886164077165
6.159095388491933
6.520621127558696
6.891625897052253
4.727387818712341
7.300472814267799
7.309212365692763
7.534228326274089
4.007333185232471
7.498315870766981
7.590346945602565
7.216709486709457
7.050989447068045
7.532088143541722
6.687108607866515
4.532599493153256
3.713572066704308
7.437206366871292
6.0014148779611505
7.367077059881012
6.3784261836515865
7.563200592358071
6.675823221634848
5.198497031265826
6.905753276311464
6.5998704992128365
5.493061443340548
7.057036981697891
6.810142450115136
4.8283137373023015
4.430816798843313
6.90975328164481
6.79346613258001
7.590346945602565
7.43955930913332
7.194436851100335
4.553876891600541
7.466227556215481
7.171656822768514
2.833213344056216
7.1569563646156364
6.860663671448287
6.061456918928017
7.611842399580417
5.924255797414532
3.784189633918261
6.60934924316738
4.948759890378168
7.495541943884256
6.756932389247553
7.5678626054638825
6.278521424165844
7.101675971619444
6.60934924316738
5.117993812416755
6.490723534502507
7.534762657037537
6.504288173536645
5.730099782973574
6.660575149839686
7.506591780070841
7.593877844605118
5.2832037287379885
7.2305631534092925
7.359467638255621
5.6240175061873385
7.52294091807237
4.02535169073515
7.550135342488429
7.356918242356021
6.516193076042964
5.293304824724492
6.07993319509559
7.44600149832412
7.10002716662926
7.5126175446745105
7.333676395657684
7.621195162809845
6.579251212010101
6.576469569048224
6.1463292576688975
4.48863636973214
7.425357887027151
6.887552571664617
7.60688453121963
6.792344427470809
7.223295679562314
6.78105762593618
6.139884552226255
7.325148957955575
7.552237287560802
7.0925737159746784
7.506591780070841
7.146772179452637
7.1049654482698426
7.520234556474628
7.321188556739478
7.138073034044347
7.544861068658458
6.813444599510896
7.53955882930103
7.195187320178709
7.358830898342354
6.946975992135418
5.883322388488279
7.21890970761906
7.1785454837637
6.118097198041348
6.437751649736401
7.270312886079025
5.407171771460119
6.723832440821209
7.122059881629142
5.765191102784844
7.15305163493748
4.74493212836325
6.257667587882639
7.195187320178709
7.1276936993473985
5.365976015021851
7.325148957955575
6.208590026096629
7.611842399580417
5.583496308781699
5.8522024797744745
7.585281078639126
7.387090235656757
7.344072850573066
7.550135342488429
5.337538079701318
7.566828479208331
5.966146739123692
7.362645270417825
6.093569770045136
5.905361848054571
7.315883504509785
6.982862751468942
7.256297239690681
6.745236349484363
7.587817219993427
5.552959584921617
6.984716320118266
6.675823221634848
7.00669522683704
7.5678626054638825
7.410347097821024
6.236369590203704
6.345636360828596
6.669498089857879
6.60934924316738
7.134890851565884
7.555905093611346
7.051855622955894
6.9584483932976555
5.817111159963204
6.586171654854675
6.674561391814426
6.095824562432225
7.0587581525186645
7.515344571180436
7.510977752014095
7.101675971619444
6.841615476477592
7.170888478512505
6.933423025730715
7.565793282428515
7.4073177104694174
6.683360945766275
7.1770187659099
5.655991810819852
7.53955882930103
7.350516171833998
7.297091005160418
6.904750769961838
6.682108597449809
5.8805329864007
7.393263094763838
4.543294782270004
5.60947179518496
7.29641326877392
6.874198495453294
6.218600119691729
7.307202314764738
7.519149957669823
6.813444599510896
7.261927092702751
6.9975959829819265
4.787491742782046
7.213768308118642
6.222576268071369
4.997212273764115
6.900730664045173
7.404887575616125
7.444833273892193
5.8805329864007
7.613324979540639
5.973809611869261
7.498315870766981
7.5569505720129
6.61472560020376
7.450660796211539
6.222576268071369
5.703782474656201
7.175489713624222
6.985641817639208
7.597396320212795
5.8522024797744745
6.9584483932976555
2.6390573296152584
7.011213987350367
7.61085279039525
6.240275845170769
7.616775808698373
7.029087564149662
7.611347717403621
6.459904454377535
7.318539548567902
5.6937321388027
6.075346031088684
4.68213122712422
4.7535901911063645
7.430707082545968
6.946013991099227
5.918893854273146
7.440733707389261
6.246106765481563
6.522092798170152
7.242082359256962
6.466144724237619
6.902742737158593
7.403061091090091
7.207118856207756
6.62273632394984
6.661854740545311
6.363028103540465
6.943122422819428
7.38025578842646
7.238496840894365
6.915723448631314
7.622663951323595
6.805722553416985
7.558516743045645
6.398594934535208
7.5411524551363085
7.460490305825338
7.1846291527173145
5.720311776607412
7.239214973779806
7.601402334583733
4.454347296253507
7.047517221357296
7.284134806195205
6.829793737512425
6.490723534502507
7.226936018493289
6.068425588244111
7.370230641807081
7.448333860897476
1.6094379124341003
7.498869733976931
5.53338948872752
7.600902459542082
7.395107546562485
6.76849321164863
5.963579343618446
6.3080984415095305
7.01301578963963
7.522400231387125
4.820281565605037
5.8805329864007
7.186144304522325
5.288267030694535
5.58724865840025
6.738152494595957
5.081404364984463
6.1463292576688975
7.298445101508147
6.486160788944089
3.7612001156935624
4.204692619390966
7.072421900537371
6.561030665896573
6.393590753950631
4.454347296253507
6.647688373563329
6.4457198193855785
7.249925536717988
7.615298339825815
6.729824070489475
6.99117688712121
7.566311014772463
7.168579897264035
7.116394144093465
7.330405211844402
6.956545443151569
7.25063551189868
5.978885764901122
7.392647520721623
5.762051382780177
6.932447891572509
7.613818684808629
7.182352111885263
7.290292882446597
7.5251007461258
6.828712071641684
7.613324979540639
6.811244378601294
6.295266001439646
6.129050210060545
6.747586526829315
7.471932078245122
5.8805329864007
5.472270673671475
7.10085190894405
7.5822291942764615
7.338888133838879
6.22455842927536
7.025538314638521
6.80128303447162
7.438383530044307
5.147494476813453
7.027314514039777
6.828712071641684
5.60947179518496
6.804614520062624
6.376726947898627
5.652489180268651
6.285998094508865
6.137727054086234
7.546446273746024
7.61972421378267
7.475905969367397
7.191429330036379
6.354370040797351
7.427738840532894
4.90527477843843
7.374001859350161
4.30406509320417
6.638567789166521
6.171700597410915
6.577861357721047
6.003887067106539
6.582025138892826
6.675823221634848
7.371489295214277
4.68213122712422
6.569481420414296
7.419979923661835
6.9957661563048505
7.552762084214147
6.100318952020064
5.966146739123692
4.948759890378168
6.102558594613569
7.325148957955575
7.154615356913663
7.095064377287131
5.8971538676367405
7.21081845347222
6.602587892189336
6.955592608396297
6.126869184114185
6.593044534142437
7.572502985020384
5.634789603169249
7.473069088032197
7.3914152346753585
6.927557906278317
5.545177444479562
6.960347729101308
6.459904454377535
7.471932078245122
7.321188556739478
4.430816798843313
7.261225091971921
4.919980925828125
6.590301048196686
7.298445101508147
6.297109319933935
4.672828834461906
6.5998704992128365
7.3752557780097545
5.087596335232384
3.5553480614894135
5.480638923341991
7.326465613840322
6.568077911411976
6.785587645007929
7.45298232946546
7.0707241072602764
6.736966958001855
6.679599185844383
7.545918151209323
6.825460036255307
6.634633357861686
7.507690077819904
7.422373700986824
7.56164174558878
7.424165281042028
6.825460036255307
6.333279628139691
6.79346613258001
3.044522437723423
5.777652323222656
6.075346031088684
7.509335266016592
6.152732694704104
7.415175109613295
6.752270376141742
7.221835825288449
6.059123195581797
6.054439346269371
3.6375861597263857
5.332718793265369
6.703188113240863
7.166265974133638
7.379008127628304
6.882437470997847
4.382026634673881
7.140453043101158
7.610357618312838
7.355001921105257
6.822197390620491
6.814542897259958
7.146772179452637
7.365812837209472
7.069874128458572
6.920671504248683
7.32052696227274
6.238324625039508
7.028201432058005
6.61338421837956
7.519149957669823
4.564348191467836
5.648974238161206
5.407171771460119
5.730099782973574
2.9444389791664403
5.8944028342648505
6.80128303447162
4.672828834461906
6.148468295917647
6.821107472256465
4.174387269895637
7.545918151209323
6.144185634125646
5.645446897643238
7.267525427828172
7.591357046698551
5.762051382780177
7.346010209913293
7.350516171833998
7.61085279039525
6.171700597410915
6.285998094508865
7.617267813628347
7.01571242048723
4.948759890378168
5.393627546352362
4.0943445622221
7.3098814858247865
7.312553498102598
5.780743515792329
4.836281906951478
5.84354441703136
6.194405391104672
5.8664680569332965
7.2485040723706105
5.60947179518496
6.946013991099227
7.580699752224563
6.842683282238422
7.318539548567902
7.013915474810528
7.611347717403621
7.4821189235521155
6.890609120147166
6.641182169740591
6.501289670540389
7.341483852363161
6.089044875446846
7.113956109566034
5.0106352940962555
6.679599185844383
7.323830566202317
7.388327859577107
6.483107351457199
6.1903154058531475
6.39024066706535
7.442492722794441
5.062595033026967
7.325807502595773
7.237778191923443
7.313886831633462
7.453561871643373
7.325807502595773
6.542471960506805
7.231287004327616
4.574710978503383
7.37650812632622
6.721425700790643
5.808142489980444
7.0707241072602764
6.8690144506657065
7.430707082545968
7.571473648851271
7.550661243105336
6.20050917404269
6.648984550024776
7.118826249062078
6.152732694704104
7.388327859577107
6.169610732491456
6.694562058521095
7.217443431696533
6.950814768442584
7.479299637782834
6.0112671744041615
7.555905093611346
7.261927092702751
7.442492722794441
5.863631175598097
7.020190708311925
7.180069874302796
6.881411303642535
7.48324441607385
6.459904454377535
6.403574197934815
7.457609289715606
5.655991810819852
5.10594547390058
6.90975328164481
7.1631723908466425
3.8066624897703196
7.117205503164344
3.6375861597263857
5.662960480135946
7.282073658093465
7.313886831633462
7.580699752224563
7.424761761823209
7.273786317844895
7.337587743538596
6.78332520060396
5.799092654460526
4.3694478524670215
6.467698726104354
7.3864708488298945
4.532599493153256
7.494430215031565
7.597396320212795
6.806829360392176
7.134890851565884
6.704414354964107
7.2399325913204695
4.174387269895637
5.62040086571715
4.406719247264253
7.277247726631484
6.79794041297493
6.630683385642372
7.146772179452637
7.2196420401307355
6.423246963533519
6.829793737512425
6.385194398997726
6.182084906716632
6.658011045870748
5.973809611869261
7.129297548929373
7.478734825567875
6.0063531596017325
5.860786223465865
6.890609120147166
6.9650803456014065
5.762051382780177
4.990432586778736
4.969813299576001
7.538494999413465
7.463363045520021
6.7912214627261855
5.3612921657094255
7.515889085215125
7.050122520269059
6.914730892718563
7.316548177182976
6.990256500493881
6.431331081933479
7.117205503164344
5.488937726156687
6.911747300251674
5.7899601708972535
6.706862336602747
7.109062135687172
6.20050917404269
7.182352111885263
6.576469569048224
7.6236419465115715
7.562681246721884
7.393263094763838
6.906754778648554
7.487733761436444
6.546785410760524
5.537334267018537
7.00397413672268
7.56734567601324
5.937536205082426
5.1647859739235145
6.089044875446846
7.21081845347222
3.9512437185814275
6.091309882077698
7.104144092987527
6.326149473155099
7.156176637480615
6.413458957167357
4.976733742420574
7.110696122978827
7.587817219993427
6.86484777797086
7.301822342137932
7.374001859350161
7.385851078125209
7.614312146452
7.370860166536716
4.941642422609304
2.4849066497880004
6.478509642208569
6.448889394146858
7.596392304064196
5.820082930352362
7.163946684342547
6.885509670034818
7.571473648851271
7.227662498728654
6.891625897052253
7.347943823148687
7.549609165154532
6.822197390620491
7.4673710669175595
6.927557906278317
5.953243334287785
6.699500340161678
6.582025138892826
6.930494765951626
7.247080584585756
7.327123292259293
6.608000625296087
7.488293515159428
7.618742377670413
6.20050917404269
7.584264818389059
7.523481312573497
2.1972245773362196
7.252762418053187
7.071573364211532
7.317876198626496
7.3901814282264295
7.564757012905729
6.470799503782602
7.356279876550748
7.047517221357296
7.202661196523238
3.332204510175204
7.114769448366463
7.174724309836376
7.264730177929867
7.278628942320682
6.546785410760524
7.1098794630722715
6.259581464064923
4.110873864173311
7.270312886079025
6.320768294250582
4.976733742420574
6.638567789166521
5.14166355650266
6.633318433280377
6.98100574072173
7.599401333415815
7.496652438168283
6.939253946041508
7.315218389752975
5.945420608606575
7.547501682814967
7.330405211844402
2.6390573296152584
5.123963979403259
7.553810852008231
6.222576268071369
7.064759027791802
6.937314081223682
6.664409020350408
7.237778191923443
7.451241684987676
6.618738983517219
7.571473648851271
4.897839799950911
7.416979621381154
4.727387818712341
7.410347097821024
6.669498089857879
7.313886831633462
7.1276936993473985
7.56164174558878
7.3914152346753585
6.856461984594587
7.459914766241105
7.448333860897476
6.814542897259958
6.470799503782602
4.962844630259907
7.569411792450712
6.628041376179533
6.38856140554563
6.501289670540389
6.84587987526405
6.194405391104672
7.611347717403621
7.527255919373784
7.569411792450712
7.4342573821331355
1.791759469228055
7.2633296174768365
5.407171771460119
7.130098510125578
7.396335293800808
6.736966958001855
4.406719247264253
1.791759469228055
5.241747015059643
6.023447592961033
7.604396348796338
7.425953657077541
6.464588303689961
5.0369526024136295
7.461640392208575
6.647688373563329
7.602900462204755
6.257667587882639
7.591861714889934
6.9363427358340495
7.284820912568604
6.013715156042802
7.055312843339752
5.886104031450156
7.3277805384216315
7.503840746698951
7.31986492980897
6.912742820493176
6.893656354602635
6.066108090103747
7.396335293800808
7.336936913707618
7.326465613840322
7.1284959456800365
4.343805421853684
5.420534999272286
6.421622267806518
5.429345628954441
6.075346031088684
4.3694478524670215
7.416979621381154
7.487733761436444
7.238496840894365
7.381501894506707
7.07326971745971
6.99117688712121
4.219507705176107
7.470224135899966
7.177782416195197
7.0326242610280065
7.087573705557973
7.026426808699636
5.356586274672012
7.167809184316444
6.942156705699469
7.168579897264035
4.859812404361672
6.977281341630747
7.533693709848633
6.741700694652055
5.099866427824199
7.351158226430694
7.537962659768208
5.953243334287785
7.362645270417825
5.8998973535824915
7.074116816197362
6.395261598115449
6.86171134048073
4.477336814478207
5.529429087511423
5.241747015059643
7.475905969367397
7.592870287844818
6.598509028614515
7.2196420401307355
6.3835066348840055
6.663132695990803
6.115892125483034
6.028278520230698
6.220590170099739
6.68586094706836
6.862757913051401
7.588829878307813
4.127134385045092
5.66988092298052
7.404279118037268
7.5822291942764615
7.201170883281678
7.110696122978827
7.0925737159746784
5.5909869805108565
7.254884810077338
7.111512116496157
5.717027701406222
5.560681631015528
6.688354713946762
7.368339686311381
6.731018100482083
7.392031567514591
6.842683282238422
7.297091005160418
7.478734825567875
7.379008127628304
7.022868086082641
7.262628600974241
5.755742213586912
7.554334823725748
5.793013608384144
5.365976015021851
7.247080584585756
6.771935555839602
7.00850518208228
6.796823718274855
7.470793774195062
7.622174594817622
7.492203042618741
7.601901959875166
7.151485463904735
6.551080335043404
6.432940092739179
7.622663951323595
3.5553480614894135
7.558516743045645
5.170483995038151
3.6109179126442243
5.986452005284438
6.810142450115136
6.6052979209482015
7.381501894506707
7.353081920515432
7.3031700512368
7.380879035564116
6.598509028614515
5.991464547107982
5.641907070938114
6.423246963533519
6.0112671744041615
7.488852955733459
7.112327444710911
7.3987862754199485
7.050989447068045
6.677083461247136
7.584773077612199
7.522400231387125
6.555356891810665
7.425357887027151
6.436150368369428
6.697034247666484
7.0192966537150445
6.90975328164481
4.143134726391533
6.269096283706261
7.285506548522785
6.922643891475888
6.740519359606223
7.518064181233078
6.6052979209482015
5.111987788356544
7.273786317844895
7.351799869057777
5.075173815233827
6.876264611890766
7.5443321080536885
7.240649694255466
7.065613363597717
6.661854740545311
5.777652323222656
7.362645270417825
6.0014148779611505
6.70196036600254
5.58724865840025
6.642486801367256
6.733401891837359
6.618738983517219
2.9444389791664403
4.820281565605037
7.446585099157725
7.1785454837637
3.58351893845611
7.063903961472068
6.295266001439646
6.606650186198215
6.92461239604856
7.585788821732034
7.202661196523238
6.739336627357174
6.1070228877422545
7.084226422097916
5.583496308781699
5.313205979041787
5.991464547107982
5.840641657373398
7.463936604468925
6.586171654854675
7.584773077612199
5.0238805208462765
6.977281341630747
5.7430031878094825
7.29505641646263
7.415776975415394
5.552959584921617
3.58351893845611
6.159095388491933
6.928537818164665
4.31748811353631
7.470224135899966
6.621405651764134
6.480044561926653
6.80903930604298
7.385230923066573
7.461065514354283
6.428105272684596
5.493061443340548
5.214935757608986
6.0330862217988015
7.554858521040676
6.248042874508429
6.901737206656574
3.9889840465642745
7.426549072397305
7.540090320145325
7.317876198626496
7.215975002651466
7.074116816197362
6.569481420414296
6.612041034833092
6.860663671448287
7.145196134997171
3.1354942159291497
6.309918278226516
6.52795791762255
7.498315870766981
6.366470447731438
5.971261839790462
4.736198448394496
7.398174092970465
7.118826249062078
7.213031659834869
6.09807428216624
7.4133673356952405
6.511745329644728
7.532623618788788
7.311218384419629
6.782192056006791
6.714170529909472
7.30854279753919
6.883462586413092
6.35088571671474
6.306275286948016
7.222566018822171
5.517452896464707
7.520234556474628
7.202661196523238
5.241747015059643
6.391917113392602
7.111512116496157
7.585788821732034
5.003946305945459
6.063785208687608
6.508769136971682
7.616283561580385
6.049733455231958
6.230481447578482
6.447305862541213
6.895682697747868
6.150602768446279
6.519147287940395
7.266128779556451
7.156176637480615
6.230481447578482
6.71295620067707
6.29156913955832
7.3864708488298945
6.733401891837359
6.910750787961936
7.0967213784947605
5.783825182329737
6.073044534100405
7.589335823170617
6.628041376179533
6.704414354964107
6.208590026096629
5.84354441703136
7.010311867307229
7.21890970761906
6.400257445308821
6.656726524178391
6.775366090936392
6.091309882077698
7.561121589530238
6.919683849847411
6.335054251498059
4.6913478822291435
6.834108738813838
6.70073110954781
7.595889917718538
7.260522598089852
6.717804695023691
7.4999765409521215
7.551186867296149
7.177782416195197
5.147494476813453
7.207118856207756
7.396335293800808
7.455298485683291
3.970291913552122
4.7535901911063645
6.692083742506628
7.404887575616125
7.508238774678663
6.045005314036012
5.62040086571715
5.476463551931511
7.059617628291383
7.165493475060845
7.229113877793302
4.672828834461906
6.672032945461067
6.326149473155099
5.056245805348308
5.517452896464707
7.484930283289661
6.452048954437226
7.510430556378006
6.4967749901858625
7.533693709848633
7.269616749608169
7.485491608030754
6.102558594613569
7.612336837167746
5.043425116919247
6.066108090103747
6.747586526829315
7.298445101508147
6.5337888379333435
6.09807428216624
6.905753276311464
3.258096538021482
7.286191714702382
6.834108738813838
6.811244378601294
6.80128303447162
7.3796321526095525
6.990256500493881
6.29156913955832
4.110873864173311
6.593044534142437
7.2485040723706105
7.501634457883413
6.095824562432225
7.6128310304073565
6.668228248417403
6.754604099487962
7.115582126184454
7.387090235656757
6.523562306149512
6.4967749901858625
7.554334823725748
